16.7	34
18.3	380
19.3	311
19.5	72
19.9	203
20.2	330
20.2	458
20.4	281
20.9	296
20.9	397
21.1	429
21.8	417
22	57
22.1	441
22.3	313
23	31
23.1	354
23.4	58
23.7	288
24.1	230
24.2	145
24.5	116
25	218
25.1	53
26.1	476
26.6	136
26.7	453
27.4	175
27.6	263
27.9	12015
27.9	15099
28.3	75
28.6	19818
28.7	21381
28.8	10169
29	21530
29.4	18667
29.5	143
29.7	5549
29.9	158
30	18791
30	21973
30.1	6762
30.3	882
30.3	11335
30.3	13206
30.5	1601
30.5	6862
30.5	11881
30.6	5630
30.6	22350
30.7	19130
30.9	16196
30.9	18984
30.9	23885
31	4593
31.2	4867
31.2	17051
31.2	20677
31.3	832
31.3	14056
31.3	19136
31.4	206
31.4	17831
31.4	22306
31.5	9685
31.5	9981
31.5	12754
31.5	13488
31.5	15871
31.5	16605
31.5	17098
31.5	18091
31.6	163
31.6	350
31.6	9000
31.6	12426
31.6	17350
31.7	17
31.7	21338
31.7	21974
31.7	22435
31.8	2021
31.8	2389
31.8	13981
31.8	18282
31.9	76
31.9	187
31.9	3603
31.9	5283
31.9	9570
31.9	18009
31.9	20432
32	271
32	1196
32	1404
32	5112
32	17683
32	22929
32	22966
32.1	11272
32.1	13956
32.1	14969
32.1	17918
32.2	39
32.2	7363
32.2	21603
32.2	21840
32.3	2910
32.3	12596
32.3	13329
32.3	13677
32.3	21197
32.3	21857
32.4	363
32.4	895
32.4	19968
32.5	11654
32.5	12640
32.5	13274
32.5	17619
32.5	22949
32.6	1654
32.6	6992
32.6	16040
32.6	16690
32.7	180
32.7	306
32.7	2783
32.7	9936
32.7	21382
32.8	7836
32.8	10976
32.8	13807
32.8	17367
32.8	18561
32.9	586
32.9	9212
32.9	19083
33	8708
33	9631
33	12764
33	17607
33.1	231
33.1	346
33.1	1075
33.1	4517
33.1	6238
33.1	9619
33.1	11288
33.1	13929
33.1	14156
33.1	19000
33.1	20871
33.2	321
33.2	1894
33.2	3370
33.2	8528
33.2	10983
33.2	12197
33.2	14595
33.2	16397
33.2	17923
33.2	18893
33.2	19078
33.2	19647
33.2	22216
33.2	23321
33.3	4048
33.3	5995
33.3	6104
33.3	6124
33.3	12795
33.3	12831
33.3	19054
33.4	19
33.4	97
33.4	540
33.4	1096
33.4	2629
33.4	2918
33.4	5183
33.4	10177
33.4	14197
33.4	18643
33.4	20216
33.5	450
33.5	7103
33.5	15325
33.5	21242
33.6	239
33.6	3981
33.6	5441
33.6	14572
33.6	16445
33.6	16896
33.6	21753
33.7	1184
33.7	3561
33.7	8867
33.7	16454
33.7	18582
33.7	22539
33.8	155
33.8	3153
33.8	3490
33.8	4458
33.8	6021
33.8	6069
33.8	7594
33.8	9344
33.8	12887
33.8	12973
33.8	14042
33.8	14596
33.8	16060
33.8	17783
33.8	19150
33.8	21713
33.9	449
33.9	736
33.9	4305
33.9	4447
33.9	12148
33.9	14319
33.9	18911
33.9	23772
33.9	23950
34	1290
34	2840
34	7802
34	8364
34	10999
34	19601
34	20825
34	22036
34	23733
34.1	3702
34.1	5484
34.1	7971
34.1	9814
34.1	13614
34.1	14251
34.1	15077
34.1	17754
34.1	19443
34.1	20436
34.1	22573
34.1	23290
34.2	174
34.2	583
34.2	2268
34.2	16135
34.2	16332
34.2	16504
34.2	16965
34.2	20815
34.2	23239
34.3	1757
34.3	3416
34.3	7953
34.3	11198
34.3	14645
34.3	15236
34.3	16411
34.3	22258
34.4	69
34.4	644
34.4	6596
34.4	7355
34.4	7654
34.4	8887
34.4	12890
34.4	14171
34.4	14905
34.4	20559
34.5	2808
34.5	11185
34.5	19838
34.5	20570
34.5	23157
34.6	495
34.6	1948
34.6	3961
34.6	5969
34.6	7041
34.6	9733
34.6	14365
34.6	15855
34.6	17604
34.6	19145
34.6	19389
34.6	20286
34.6	23841
34.7	48
34.7	1234
34.7	3092
34.7	3254
34.7	4625
34.7	15130
34.7	20769
34.7	20801
34.8	255
34.8	2606
34.8	4247
34.8	6694
34.8	10600
34.8	11368
34.8	12491
34.8	14743
34.8	18044
34.8	18637
34.8	19187
34.8	22461
34.9	405
34.9	9315
34.9	9699
34.9	15924
34.9	15979
34.9	16677
34.9	17535
34.9	19193
34.9	20789
34.9	21789
35	3238
35	3395
35	4125
35	7335
35	7345
35	8704
35	9828
35	11097
35	13648
35	22433
35	23149
35	23555
35.1	3453
35.1	4143
35.1	5687
35.1	8036
35.1	10448
35.1	12926
35.1	15327
35.1	18155
35.1	23630
35.2	877
35.2	2400
35.2	5730
35.2	6385
35.2	7582
35.2	7734
35.2	9486
35.2	9493
35.2	12895
35.2	13609
35.2	15605
35.2	16789
35.2	17723
35.2	19559
35.2	21477
35.2	23247
35.2	23535
35.3	9724
35.3	9955
35.3	10038
35.3	12647
35.3	14011
35.3	14783
35.3	15917
35.3	15969
35.3	17425
35.3	19355
35.3	19769
35.3	22783
35.4	412
35.4	5853
35.4	6038
35.4	7636
35.4	8262
35.4	8492
35.4	8645
35.4	9921
35.4	11373
35.4	13525
35.4	15267
35.4	16223
35.4	17593
35.4	17669
35.4	19286
35.4	19317
35.4	19439
35.4	23559
35.5	657
35.5	804
35.5	2157
35.5	4406
35.5	4550
35.5	4684
35.5	8590
35.5	11244
35.5	11592
35.5	12138
35.5	13316
35.5	13725
35.5	14846
35.5	15019
35.5	18337
35.5	19392
35.5	22917
35.6	448
35.6	958
35.6	1003
35.6	1670
35.6	1744
35.6	2856
35.6	3766
35.6	4200
35.6	4235
35.6	4504
35.6	5257
35.6	5900
35.6	6982
35.6	8759
35.6	9113
35.6	10244
35.6	10920
35.6	10990
35.6	11601
35.6	12417
35.6	14658
35.6	15472
35.6	16240
35.6	17385
35.6	17942
35.6	18230
35.6	18770
35.6	18883
35.6	19227
35.6	20691
35.6	23197
35.7	167
35.7	811
35.7	1930
35.7	2413
35.7	2593
35.7	2870
35.7	6089
35.7	11242
35.7	11986
35.7	13777
35.7	15197
35.7	17626
35.7	18010
35.7	21277
35.7	21303
35.7	22198
35.7	23256
35.7	23283
35.7	23298
35.8	152
35.8	227
35.8	259
35.8	2048
35.8	3488
35.8	3830
35.8	4209
35.8	4646
35.8	7858
35.8	8105
35.8	9771
35.8	11682
35.8	12552
35.8	13904
35.8	15157
35.8	15286
35.8	16335
35.8	16999
35.8	17358
35.8	18625
35.8	18754
35.8	19405
35.8	21084
35.8	21538
35.8	21664
35.8	22729
35.9	1064
35.9	1648
35.9	2816
35.9	3401
35.9	3839
35.9	3858
35.9	4213
35.9	5527
35.9	7471
35.9	7667
35.9	7721
35.9	8633
35.9	9454
35.9	9992
35.9	9999
35.9	10096
35.9	12469
35.9	14029
35.9	14190
35.9	14768
35.9	17042
35.9	20236
35.9	20444
35.9	20993
35.9	21924
35.9	22902
36	488
36	952
36	1087
36	1770
36	2061
36	2153
36	2890
36	4065
36	4702
36	5273
36	5286
36	6427
36	6642
36	6879
36	7162
36	7420
36	7492
36	7592
36	9103
36	9229
36	10496
36	11555
36	12293
36	13102
36	13150
36	13201
36	13618
36	14097
36	15188
36	15686
36	15693
36	17894
36	18295
36	18390
36	18600
36	18907
36	20003
36	20702
36	20925
36.1	430
36.1	596
36.1	614
36.1	2243
36.1	4902
36.1	5134
36.1	5343
36.1	6683
36.1	6966
36.1	7621
36.1	8034
36.1	9421
36.1	9468
36.1	9953
36.1	10003
36.1	10125
36.1	10556
36.1	10758
36.1	11147
36.1	11196
36.1	11556
36.1	12078
36.1	12557
36.1	12603
36.1	13412
36.1	13781
36.1	14052
36.1	14063
36.1	15967
36.1	16078
36.1	16192
36.1	17591
36.1	17804
36.1	21167
36.1	21177
36.1	22488
36.1	22778
36.1	23377
36.1	23426
36.1	23597
36.2	223
36.2	409
36.2	446
36.2	470
36.2	653
36.2	731
36.2	971
36.2	1369
36.2	1413
36.2	2178
36.2	2223
36.2	2467
36.2	2832
36.2	3202
36.2	3511
36.2	4606
36.2	6755
36.2	6847
36.2	7677
36.2	8404
36.2	8475
36.2	9040
36.2	9230
36.2	10743
36.2	11238
36.2	11328
36.2	11522
36.2	11582
36.2	12550
36.2	15446
36.2	17581
36.2	18113
36.2	18328
36.2	20065
36.2	20139
36.2	20276
36.2	20466
36.2	20671
36.2	20829
36.2	21864
36.2	23430
36.3	483
36.3	2354
36.3	3826
36.3	5368
36.3	6172
36.3	7735
36.3	8050
36.3	8182
36.3	8234
36.3	8377
36.3	8443
36.3	8446
36.3	10086
36.3	10110
36.3	10199
36.3	12346
36.3	12830
36.3	14410
36.3	15331
36.3	17058
36.3	17060
36.3	17618
36.3	17982
36.3	18138
36.3	18628
36.3	18644
36.3	19025
36.3	19967
36.3	20439
36.3	22377
36.3	22582
36.3	22757
36.3	23136
36.3	23993
36.4	1296
36.4	1610
36.4	2160
36.4	3326
36.4	3983
36.4	4989
36.4	6625
36.4	7445
36.4	7539
36.4	7754
36.4	8022
36.4	8817
36.4	9192
36.4	10081
36.4	10091
36.4	10202
36.4	10637
36.4	10700
36.4	10922
36.4	11182
36.4	11274
36.4	11275
36.4	11568
36.4	12072
36.4	12958
36.4	13727
36.4	13959
36.4	14393
36.4	14570
36.4	14814
36.4	15134
36.4	15634
36.4	17396
36.4	17939
36.4	18145
36.4	18632
36.4	18946
36.4	19577
36.4	19765
36.4	20403
36.4	20471
36.4	21311
36.4	22484
36.4	23804
36.4	23922
36.5	52
36.5	100
36.5	1169
36.5	2052
36.5	2539
36.5	4292
36.5	4666
36.5	4746
36.5	6488
36.5	6971
36.5	7686
36.5	7707
36.5	8213
36.5	8236
36.5	8415
36.5	8533
36.5	8858
36.5	9757
36.5	10536
36.5	10974
36.5	11190
36.5	11208
36.5	11245
36.5	12258
36.5	12285
36.5	12383
36.5	12418
36.5	12476
36.5	12611
36.5	12721
36.5	12804
36.5	12953
36.5	13216
36.5	15119
36.5	15297
36.5	15386
36.5	15966
36.5	16201
36.5	16394
36.5	16447
36.5	16515
36.5	17024
36.5	18217
36.5	18933
36.5	19014
36.5	19332
36.5	20204
36.5	21067
36.5	21133
36.5	21485
36.5	22466
36.5	23491
36.6	1602
36.6	2747
36.6	2951
36.6	3141
36.6	3926
36.6	3932
36.6	4489
36.6	4950
36.6	5083
36.6	6190
36.6	6304
36.6	6453
36.6	6590
36.6	7174
36.6	7684
36.6	8438
36.6	9222
36.6	10741
36.6	12145
36.6	12538
36.6	12692
36.6	13784
36.6	14650
36.6	15826
36.6	16592
36.6	17634
36.6	18380
36.6	18636
36.6	18949
36.6	19112
36.6	19826
36.6	19847
36.6	19904
36.6	20295
36.6	20373
36.6	22027
36.6	22323
36.6	22828
36.6	22939
36.6	22963
36.6	23153
36.6	23848
36.7	283
36.7	963
36.7	1350
36.7	1443
36.7	1865
36.7	1919
36.7	2508
36.7	2650
36.7	2817
36.7	4106
36.7	4451
36.7	4830
36.7	5713
36.7	6415
36.7	6455
36.7	7078
36.7	7185
36.7	7710
36.7	7988
36.7	8579
36.7	9131
36.7	9353
36.7	9945
36.7	10153
36.7	10280
36.7	10878
36.7	11562
36.7	13136
36.7	14215
36.7	14463
36.7	14586
36.7	15370
36.7	15517
36.7	16302
36.7	16407
36.7	16755
36.7	18273
36.7	18465
36.7	18922
36.7	19312
36.7	19514
36.7	20644
36.7	20692
36.7	20978
36.7	21356
36.7	21813
36.7	21970
36.7	22276
36.7	22475
36.7	22566
36.7	22613
36.7	22999
36.8	21
36.8	519
36.8	567
36.8	1319
36.8	1566
36.8	2343
36.8	3456
36.8	3886
36.8	4287
36.8	4949
36.8	6195
36.8	6633
36.8	6647
36.8	6845
36.8	6908
36.8	7097
36.8	7543
36.8	7580
36.8	8468
36.8	8697
36.8	9769
36.8	10450
36.8	10456
36.8	10837
36.8	11239
36.8	11302
36.8	11318
36.8	12087
36.8	12893
36.8	13473
36.8	13594
36.8	14740
36.8	15576
36.8	16176
36.8	16482
36.8	16756
36.8	17115
36.8	17161
36.8	18048
36.8	18342
36.8	18422
36.8	18437
36.8	19001
36.8	19118
36.8	19235
36.8	19236
36.8	19432
36.8	20446
36.8	20530
36.8	20775
36.8	21289
36.8	21454
36.8	21868
36.8	22505
36.8	23797
36.9	149
36.9	1059
36.9	1112
36.9	1491
36.9	1632
36.9	1846
36.9	2166
36.9	2307
36.9	2324
36.9	3421
36.9	3712
36.9	5145
36.9	5845
36.9	5877
36.9	6283
36.9	6801
36.9	6918
36.9	6935
36.9	7325
36.9	7418
36.9	8714
36.9	8919
36.9	9020
36.9	9187
36.9	9228
36.9	9417
36.9	9796
36.9	9820
36.9	10070
36.9	10309
36.9	11782
36.9	12281
36.9	12972
36.9	13705
36.9	13780
36.9	13796
36.9	14080
36.9	14443
36.9	15457
36.9	16079
36.9	16649
36.9	16787
36.9	16839
36.9	17640
36.9	17696
36.9	17954
36.9	17989
36.9	18256
36.9	18898
36.9	18921
36.9	19073
36.9	19098
36.9	19220
36.9	19395
36.9	20330
36.9	20371
36.9	20794
36.9	21463
36.9	22265
36.9	22281
36.9	22584
36.9	23655
37	41
37	45
37	96
37	833
37	1186
37	1435
37	1477
37	1880
37	1885
37	3090
37	3657
37	4575
37	4765
37	5333
37	5352
37	5553
37	7010
37	7018
37	7241
37	7293
37	7515
37	7661
37	7723
37	7766
37	8057
37	9324
37	9661
37	10044
37	10235
37	10335
37	10730
37	10914
37	11042
37	11050
37	11564
37	12320
37	12951
37	13192
37	13270
37	13566
37	13723
37	14122
37	14208
37	14427
37	14644
37	14991
37	15012
37	15692
37	15868
37	16009
37	16419
37	16626
37	17365
37	17505
37	18734
37	18915
37	19308
37	20035
37	20227
37	20311
37	21014
37	21111
37	21839
37	22115
37	22208
37	22318
37	22403
37	23132
37	23242
37	23481
37	23585
37	23803
37.1	432
37.1	640
37.1	881
37.1	1166
37.1	1756
37.1	2062
37.1	2495
37.1	2653
37.1	2860
37.1	3154
37.1	3920
37.1	4139
37.1	5557
37.1	5806
37.1	6582
37.1	6672
37.1	6752
37.1	7029
37.1	7064
37.1	7132
37.1	7426
37.1	7503
37.1	7566
37.1	7614
37.1	7692
37.1	8279
37.1	8477
37.1	8487
37.1	9076
37.1	9350
37.1	9367
37.1	9707
37.1	9800
37.1	10049
37.1	10098
37.1	10128
37.1	10278
37.1	10417
37.1	10938
37.1	11075
37.1	11280
37.1	11730
37.1	11936
37.1	12153
37.1	12178
37.1	12192
37.1	13447
37.1	13516
37.1	13935
37.1	14826
37.1	15160
37.1	15647
37.1	15651
37.1	16293
37.1	16363
37.1	16620
37.1	16799
37.1	17255
37.1	18075
37.1	18290
37.1	18460
37.1	19152
37.1	19158
37.1	19331
37.1	20016
37.1	20561
37.1	20726
37.1	20734
37.1	20806
37.1	21157
37.1	21205
37.1	21549
37.1	22112
37.1	22164
37.1	22865
37.1	23036
37.1	23262
37.1	23888
37.2	285
37.2	289
37.2	297
37.2	532
37.2	616
37.2	851
37.2	1076
37.2	1115
37.2	1507
37.2	1585
37.2	1764
37.2	2018
37.2	2549
37.2	3348
37.2	3481
37.2	3507
37.2	3718
37.2	4257
37.2	4473
37.2	4851
37.2	5060
37.2	5255
37.2	5438
37.2	5699
37.2	5717
37.2	5734
37.2	5811
37.2	5912
37.2	6097
37.2	6543
37.2	7584
37.2	7702
37.2	7865
37.2	8447
37.2	8626
37.2	8997
37.2	9384
37.2	9458
37.2	9845
37.2	10287
37.2	10626
37.2	11264
37.2	11293
37.2	11894
37.2	11985
37.2	12613
37.2	12635
37.2	12736
37.2	13415
37.2	13448
37.2	13555
37.2	13663
37.2	14188
37.2	14259
37.2	14425
37.2	14601
37.2	14603
37.2	14641
37.2	14800
37.2	15363
37.2	15537
37.2	15550
37.2	16872
37.2	17003
37.2	17031
37.2	17539
37.2	17908
37.2	18954
37.2	19097
37.2	19931
37.2	19996
37.2	20756
37.2	21191
37.2	21750
37.2	22374
37.2	22636
37.2	22873
37.2	22885
37.2	22974
37.2	23839
37.2	23952
37.3	188
37.3	256
37.3	382
37.3	888
37.3	1167
37.3	1399
37.3	1449
37.3	1752
37.3	2046
37.3	2140
37.3	2378
37.3	2398
37.3	4293
37.3	4342
37.3	4621
37.3	4624
37.3	4629
37.3	4654
37.3	5082
37.3	5812
37.3	6081
37.3	6579
37.3	6703
37.3	6834
37.3	6858
37.3	6932
37.3	7047
37.3	7081
37.3	7285
37.3	7300
37.3	8052
37.3	8232
37.3	8390
37.3	8553
37.3	8618
37.3	9559
37.3	9747
37.3	9821
37.3	9884
37.3	9959
37.3	9972
37.3	10124
37.3	10147
37.3	10545
37.3	10550
37.3	10622
37.3	10952
37.3	11210
37.3	11702
37.3	11803
37.3	11907
37.3	12423
37.3	12564
37.3	12820
37.3	12939
37.3	13439
37.3	13957
37.3	14099
37.3	14361
37.3	14394
37.3	14479
37.3	14546
37.3	14562
37.3	14697
37.3	14869
37.3	14924
37.3	15031
37.3	15285
37.3	15404
37.3	15461
37.3	15494
37.3	15503
37.3	15516
37.3	15685
37.3	15873
37.3	16146
37.3	16667
37.3	16744
37.3	17322
37.3	17406
37.3	17447
37.3	18255
37.3	18352
37.3	18557
37.3	19491
37.3	19622
37.3	19929
37.3	20057
37.3	20197
37.3	20294
37.3	21312
37.3	21460
37.3	21808
37.3	21907
37.3	22272
37.3	22284
37.3	22426
37.3	22846
37.3	23498
37.3	23912
37.4	68
37.4	365
37.4	1033
37.4	1366
37.4	1523
37.4	1553
37.4	1576
37.4	1915
37.4	1935
37.4	2028
37.4	2197
37.4	2209
37.4	2458
37.4	2566
37.4	2573
37.4	2663
37.4	2701
37.4	3318
37.4	3349
37.4	3383
37.4	3728
37.4	3780
37.4	3786
37.4	4263
37.4	4374
37.4	4965
37.4	5416
37.4	5715
37.4	6300
37.4	6468
37.4	6649
37.4	6772
37.4	6930
37.4	7145
37.4	7218
37.4	7246
37.4	8382
37.4	8775
37.4	8836
37.4	8838
37.4	9090
37.4	10155
37.4	10241
37.4	10262
37.4	10679
37.4	10689
37.4	10719
37.4	10843
37.4	11420
37.4	11561
37.4	11648
37.4	11854
37.4	12027
37.4	12093
37.4	12415
37.4	12578
37.4	12786
37.4	13019
37.4	13072
37.4	13107
37.4	13241
37.4	13330
37.4	13382
37.4	13646
37.4	13971
37.4	14467
37.4	14706
37.4	14854
37.4	15309
37.4	15367
37.4	15384
37.4	15433
37.4	15696
37.4	16008
37.4	16059
37.4	16085
37.4	16355
37.4	16465
37.4	17052
37.4	17086
37.4	17347
37.4	17361
37.4	17409
37.4	17652
37.4	17821
37.4	18111
37.4	18168
37.4	18700
37.4	18751
37.4	18963
37.4	19178
37.4	19230
37.4	19251
37.4	19337
37.4	19348
37.4	19496
37.4	19957
37.4	20550
37.4	20686
37.4	20875
37.4	21243
37.4	21268
37.4	21558
37.4	21910
37.4	22151
37.4	22298
37.4	22324
37.4	22748
37.4	23588
37.4	23933
37.5	246
37.5	358
37.5	420
37.5	1025
37.5	1189
37.5	1212
37.5	1282
37.5	1328
37.5	1370
37.5	1432
37.5	1714
37.5	1717
37.5	2023
37.5	2044
37.5	2121
37.5	2397
37.5	2839
37.5	2997
37.5	3484
37.5	3565
37.5	3827
37.5	3859
37.5	4275
37.5	4442
37.5	5256
37.5	5450
37.5	5602
37.5	6215
37.5	7156
37.5	7989
37.5	8143
37.5	8433
37.5	8513
37.5	8699
37.5	8804
37.5	8953
37.5	8965
37.5	9068
37.5	9198
37.5	9379
37.5	9560
37.5	9595
37.5	9791
37.5	10079
37.5	10179
37.5	10688
37.5	11073
37.5	12040
37.5	12230
37.5	12519
37.5	12755
37.5	12987
37.5	13087
37.5	13361
37.5	13462
37.5	13537
37.5	13782
37.5	14072
37.5	14087
37.5	14407
37.5	14569
37.5	14746
37.5	14758
37.5	15163
37.5	15589
37.5	15727
37.5	15825
37.5	15944
37.5	16892
37.5	17450
37.5	17471
37.5	17485
37.5	17496
37.5	17553
37.5	17555
37.5	17914
37.5	18433
37.5	18531
37.5	18626
37.5	18805
37.5	18863
37.5	18953
37.5	19074
37.5	19160
37.5	19210
37.5	19356
37.5	19656
37.5	19951
37.5	20102
37.5	20376
37.5	20760
37.5	21160
37.5	21345
37.5	21514
37.5	21660
37.5	21863
37.5	21905
37.5	21942
37.5	22119
37.5	22224
37.5	22537
37.5	23008
37.5	23479
37.6	204
37.6	395
37.6	688
37.6	762
37.6	790
37.6	910
37.6	1311
37.6	1338
37.6	1437
37.6	1486
37.6	1600
37.6	1960
37.6	1991
37.6	2054
37.6	2191
37.6	2605
37.6	2804
37.6	2939
37.6	3316
37.6	3758
37.6	4302
37.6	4497
37.6	4673
37.6	4797
37.6	5412
37.6	5567
37.6	5721
37.6	6298
37.6	6403
37.6	7020
37.6	7049
37.6	7159
37.6	7593
37.6	7634
37.6	8003
37.6	8221
37.6	8345
37.6	8613
37.6	8712
37.6	8725
37.6	9211
37.6	9476
37.6	10051
37.6	10313
37.6	10749
37.6	11265
37.6	11268
37.6	11606
37.6	11779
37.6	12594
37.6	12666
37.6	13140
37.6	13213
37.6	13247
37.6	13578
37.6	13855
37.6	13918
37.6	14326
37.6	14657
37.6	15008
37.6	15098
37.6	15710
37.6	16352
37.6	16623
37.6	16731
37.6	16733
37.6	16851
37.6	16948
37.6	17006
37.6	17142
37.6	17238
37.6	17528
37.6	17930
37.6	18136
37.6	18254
37.6	18469
37.6	18685
37.6	19396
37.6	19868
37.6	20296
37.6	20447
37.6	20470
37.6	20623
37.6	21030
37.6	21179
37.6	21544
37.6	21598
37.6	21886
37.6	21979
37.6	22270
37.6	22664
37.6	22831
37.6	23173
37.6	23327
37.6	23558
37.6	23675
37.7	66
37.7	173
37.7	237
37.7	507
37.7	514
37.7	876
37.7	987
37.7	1699
37.7	2051
37.7	2188
37.7	2240
37.7	2256
37.7	2365
37.7	2883
37.7	2887
37.7	3377
37.7	3619
37.7	4017
37.7	4177
37.7	4222
37.7	4332
37.7	4412
37.7	4561
37.7	4693
37.7	4744
37.7	4808
37.7	5196
37.7	5293
37.7	5389
37.7	5455
37.7	5541
37.7	5810
37.7	6537
37.7	6721
37.7	6892
37.7	7045
37.7	7136
37.7	7319
37.7	7644
37.7	7838
37.7	7891
37.7	8667
37.7	8918
37.7	9232
37.7	9298
37.7	9336
37.7	9393
37.7	9563
37.7	9592
37.7	9925
37.7	10072
37.7	10192
37.7	10217
37.7	10291
37.7	10394
37.7	10569
37.7	11035
37.7	11304
37.7	11593
37.7	11640
37.7	12322
37.7	12419
37.7	12495
37.7	12726
37.7	12903
37.7	13001
37.7	13138
37.7	13186
37.7	13232
37.7	13246
37.7	13569
37.7	13819
37.7	14203
37.7	14607
37.7	14642
37.7	14683
37.7	14785
37.7	15091
37.7	15257
37.7	15623
37.7	15734
37.7	15839
37.7	15844
37.7	16066
37.7	16209
37.7	16273
37.7	16594
37.7	16668
37.7	16703
37.7	17096
37.7	17177
37.7	17257
37.7	17315
37.7	17359
37.7	17506
37.7	17609
37.7	17824
37.7	18126
37.7	18329
37.7	18411
37.7	18656
37.7	18725
37.7	18851
37.7	19105
37.7	19279
37.7	19361
37.7	19570
37.7	20218
37.7	20304
37.7	20398
37.7	20419
37.7	20467
37.7	20676
37.7	20766
37.7	20843
37.7	21068
37.7	21118
37.7	21447
37.7	21696
37.7	21862
37.7	22052
37.7	22169
37.7	22244
37.7	22357
37.7	22528
37.7	22653
37.7	22670
37.7	22683
37.7	22941
37.7	23315
37.7	23470
37.7	23721
37.7	23816
37.7	23921
37.8	29
37.8	213
37.8	329
37.8	584
37.8	1415
37.8	1521
37.8	1612
37.8	1668
37.8	1732
37.8	1869
37.8	1900
37.8	1958
37.8	2034
37.8	2109
37.8	2165
37.8	2357
37.8	2437
37.8	2448
37.8	2465
37.8	2927
37.8	3061
37.8	3509
37.8	3831
37.8	3849
37.8	3979
37.8	4069
37.8	4160
37.8	4254
37.8	4433
37.8	4571
37.8	4698
37.8	5456
37.8	5682
37.8	5691
37.8	5862
37.8	5893
37.8	5950
37.8	6443
37.8	6615
37.8	7368
37.8	7497
37.8	7527
37.8	7696
37.8	7776
37.8	7962
37.8	7963
37.8	8114
37.8	8267
37.8	8297
37.8	8426
37.8	8675
37.8	8779
37.8	9016
37.8	9204
37.8	9368
37.8	9840
37.8	10441
37.8	10674
37.8	10707
37.8	10708
37.8	10782
37.8	11122
37.8	11299
37.8	11585
37.8	11772
37.8	11811
37.8	12155
37.8	13366
37.8	13551
37.8	14022
37.8	14303
37.8	14332
37.8	14349
37.8	14437
37.8	14471
37.8	14616
37.8	14882
37.8	15339
37.8	15343
37.8	15546
37.8	15635
37.8	15706
37.8	16414
37.8	17509
37.8	17610
37.8	17887
37.8	18142
37.8	18279
37.8	18403
37.8	18409
37.8	18659
37.8	19065
37.8	19225
37.8	19598
37.8	19669
37.8	19822
37.8	19974
37.8	20601
37.8	20604
37.8	20652
37.8	20816
37.8	21576
37.8	21685
37.8	22000
37.8	22100
37.8	22209
37.8	22424
37.8	22513
37.8	22656
37.8	22774
37.8	22871
37.8	22952
37.8	23259
37.8	23514
37.8	23862
37.8	23906
37.9	435
37.9	673
37.9	983
37.9	1110
37.9	1154
37.9	1183
37.9	1219
37.9	1478
37.9	2150
37.9	2333
37.9	2480
37.9	2664
37.9	2718
37.9	2994
37.9	3060
37.9	3096
37.9	3165
37.9	3881
37.9	3986
37.9	4190
37.9	4426
37.9	4526
37.9	4809
37.9	4815
37.9	4858
37.9	4963
37.9	5068
37.9	5384
37.9	5601
37.9	5763
37.9	5807
37.9	6120
37.9	6138
37.9	6425
37.9	6870
37.9	6877
37.9	6924
37.9	6965
37.9	6979
37.9	7163
37.9	7774
37.9	7968
37.9	8037
37.9	8072
37.9	8094
37.9	8219
37.9	8290
37.9	8572
37.9	8591
37.9	8781
37.9	9272
37.9	9554
37.9	9669
37.9	10078
37.9	10121
37.9	10303
37.9	10353
37.9	10397
37.9	10603
37.9	10616
37.9	10926
37.9	11066
37.9	11100
37.9	11512
37.9	11589
37.9	11931
37.9	11949
37.9	12070
37.9	12369
37.9	12664
37.9	13167
37.9	13423
37.9	14071
37.9	14074
37.9	14310
37.9	14360
37.9	14573
37.9	14627
37.9	14810
37.9	15062
37.9	15068
37.9	15093
37.9	15567
37.9	15584
37.9	15878
37.9	16032
37.9	16243
37.9	16430
37.9	16498
37.9	16577
37.9	16622
37.9	16750
37.9	16793
37.9	17181
37.9	17276
37.9	17587
37.9	17623
37.9	17655
37.9	17767
37.9	17830
37.9	17893
37.9	17978
37.9	18529
37.9	18702
37.9	18706
37.9	18743
37.9	19458
37.9	19500
37.9	19635
37.9	19748
37.9	19865
37.9	19909
37.9	20122
37.9	20135
37.9	20314
37.9	20755
37.9	21532
37.9	21581
37.9	22390
37.9	22450
37.9	22535
37.9	22597
37.9	22684
37.9	22713
37.9	22840
37.9	22969
37.9	23054
37.9	23237
37.9	23344
37.9	23345
37.9	23492
37.9	23698
38	44
38	111
38	520
38	886
38	1028
38	1187
38	1558
38	1763
38	2097
38	2386
38	2445
38	2726
38	3400
38	3428
38	3909
38	4231
38	4620
38	4774
38	4990
38	5101
38	5128
38	5272
38	5838
38	6232
38	6622
38	7093
38	7550
38	7628
38	7683
38	7694
38	7987
38	8064
38	8081
38	8463
38	8754
38	8863
38	8917
38	8939
38	8973
38	9047
38	9138
38	9644
38	9783
38	9789
38	9837
38	9923
38	9982
38	10317
38	10415
38	10712
38	10883
38	11214
38	11460
38	11614
38	11722
38	11958
38	12368
38	12422
38	12674
38	12844
38	13092
38	13191
38	13236
38	13277
38	13519
38	13604
38	14248
38	14448
38	14780
38	14951
38	15027
38	15222
38	15402
38	15656
38	15699
38	15720
38	15728
38	15999
38	16639
38	17061
38	17083
38	17880
38	18157
38	18163
38	18237
38	18562
38	18683
38	18925
38	19204
38	19338
38	19502
38	19729
38	19901
38	20143
38	20356
38	20770
38	20938
38	20985
38	21275
38	21328
38	21614
38	21782
38	21810
38	21947
38	22066
38	22160
38	22355
38	22398
38	22478
38	22542
38	22740
38	23251
38	23631
38	23754
38.1	184
38.1	251
38.1	252
38.1	262
38.1	571
38.1	808
38.1	820
38.1	1470
38.1	1876
38.1	1929
38.1	2022
38.1	2194
38.1	2220
38.1	2238
38.1	2800
38.1	2835
38.1	2904
38.1	2928
38.1	2954
38.1	3025
38.1	3183
38.1	3200
38.1	3409
38.1	3417
38.1	4000
38.1	4068
38.1	4281
38.1	4338
38.1	4390
38.1	4415
38.1	4456
38.1	4533
38.1	4555
38.1	4576
38.1	4647
38.1	4757
38.1	5279
38.1	5313
38.1	5475
38.1	5568
38.1	5758
38.1	5847
38.1	6210
38.1	6350
38.1	6379
38.1	6422
38.1	6513
38.1	6704
38.1	7228
38.1	7342
38.1	7553
38.1	7927
38.1	8412
38.1	8520
38.1	8526
38.1	8589
38.1	8661
38.1	8821
38.1	8866
38.1	8898
38.1	9045
38.1	9125
38.1	9329
38.1	9390
38.1	9754
38.1	10068
38.1	10358
38.1	10795
38.1	10812
38.1	11352
38.1	11377
38.1	11408
38.1	11485
38.1	11627
38.1	11802
38.1	11876
38.1	11915
38.1	11946
38.1	12044
38.1	12501
38.1	12868
38.1	13424
38.1	13464
38.1	13580
38.1	13641
38.1	13647
38.1	13887
38.1	13983
38.1	14161
38.1	14233
38.1	14499
38.1	14618
38.1	14793
38.1	15104
38.1	15333
38.1	15489
38.1	15758
38.1	15820
38.1	16097
38.1	16277
38.1	16325
38.1	16429
38.1	16810
38.1	16984
38.1	17055
38.1	17112
38.1	17407
38.1	17668
38.1	17680
38.1	17817
38.1	17907
38.1	18059
38.1	18452
38.1	18618
38.1	18904
38.1	19028
38.1	19110
38.1	19221
38.1	19431
38.1	19643
38.1	19874
38.1	19980
38.1	20238
38.1	20368
38.1	20591
38.1	20606
38.1	20834
38.1	20928
38.1	21156
38.1	21323
38.1	21528
38.1	21724
38.1	21758
38.1	21901
38.1	21967
38.1	23128
38.1	23443
38.1	23471
38.1	23748
38.1	23930
38.2	3
38.2	122
38.2	183
38.2	699
38.2	727
38.2	873
38.2	883
38.2	1127
38.2	1203
38.2	1735
38.2	1749
38.2	2098
38.2	2254
38.2	2768
38.2	2974
38.2	2976
38.2	2981
38.2	3053
38.2	3072
38.2	3587
38.2	3662
38.2	3705
38.2	4138
38.2	4322
38.2	4573
38.2	4739
38.2	4764
38.2	4903
38.2	5215
38.2	5365
38.2	5538
38.2	5637
38.2	5865
38.2	6208
38.2	6393
38.2	6411
38.2	6417
38.2	6565
38.2	6764
38.2	6790
38.2	7055
38.2	7139
38.2	7469
38.2	7575
38.2	7609
38.2	7749
38.2	7777
38.2	7897
38.2	8075
38.2	8246
38.2	8303
38.2	8380
38.2	8690
38.2	8895
38.2	8993
38.2	9136
38.2	9214
38.2	9443
38.2	9849
38.2	10030
38.2	10042
38.2	10102
38.2	10191
38.2	10350
38.2	10362
38.2	10400
38.2	10479
38.2	10764
38.2	11154
38.2	11344
38.2	11384
38.2	11436
38.2	11488
38.2	11801
38.2	12007
38.2	12286
38.2	12507
38.2	12577
38.2	12734
38.2	13478
38.2	13540
38.2	13760
38.2	13761
38.2	14711
38.2	14964
38.2	15144
38.2	15760
38.2	15803
38.2	16197
38.2	16247
38.2	16294
38.2	16305
38.2	16573
38.2	16576
38.2	16808
38.2	17376
38.2	17483
38.2	17565
38.2	17579
38.2	17815
38.2	18162
38.2	18200
38.2	18242
38.2	18267
38.2	18429
38.2	18797
38.2	19034
38.2	19364
38.2	19539
38.2	19775
38.2	19781
38.2	20012
38.2	20361
38.2	20414
38.2	20507
38.2	20603
38.2	20730
38.2	20838
38.2	21059
38.2	21189
38.2	21192
38.2	21257
38.2	21441
38.2	21775
38.2	21926
38.2	22138
38.2	22330
38.2	22694
38.2	22812
38.2	22921
38.2	22924
38.2	23383
38.2	23389
38.2	23616
38.2	23679
38.2	23735
38.2	23970
38.3	528
38.3	973
38.3	1070
38.3	1116
38.3	1161
38.3	1501
38.3	1879
38.3	1946
38.3	2053
38.3	2084
38.3	2096
38.3	2181
38.3	2367
38.3	2430
38.3	2472
38.3	2574
38.3	2575
38.3	2641
38.3	2825
38.3	3015
38.3	3081
38.3	3214
38.3	3439
38.3	3669
38.3	4234
38.3	4502
38.3	4507
38.3	4544
38.3	4930
38.3	5210
38.3	5396
38.3	5505
38.3	5516
38.3	5569
38.3	5586
38.3	5885
38.3	5919
38.3	6177
38.3	6328
38.3	6363
38.3	6573
38.3	6986
38.3	7106
38.3	7296
38.3	7589
38.3	7608
38.3	7645
38.3	7795
38.3	7853
38.3	7981
38.3	8009
38.3	8370
38.3	8424
38.3	8637
38.3	8720
38.3	8847
38.3	8931
38.3	9173
38.3	9385
38.3	9553
38.3	9860
38.3	9962
38.3	9971
38.3	10299
38.3	10369
38.3	10375
38.3	10531
38.3	10696
38.3	10752
38.3	10821
38.3	11088
38.3	11544
38.3	11750
38.3	11868
38.3	11908
38.3	12036
38.3	12158
38.3	12356
38.3	12372
38.3	12461
38.3	12604
38.3	12671
38.3	12677
38.3	12900
38.3	13004
38.3	13156
38.3	13172
38.3	13296
38.3	13309
38.3	13335
38.3	13357
38.3	13536
38.3	13945
38.3	14048
38.3	14141
38.3	14281
38.3	14325
38.3	14462
38.3	14554
38.3	14629
38.3	14788
38.3	14807
38.3	15021
38.3	15030
38.3	15127
38.3	15452
38.3	15505
38.3	15575
38.3	15669
38.3	15818
38.3	15832
38.3	15838
38.3	16379
38.3	16609
38.3	16641
38.3	16706
38.3	16715
38.3	16816
38.3	16826
38.3	17018
38.3	17200
38.3	17685
38.3	17805
38.3	17813
38.3	18098
38.3	18259
38.3	18322
38.3	18463
38.3	18540
38.3	18655
38.3	18690
38.3	18713
38.3	18750
38.3	19357
38.3	19449
38.3	19806
38.3	20000
38.3	20089
38.3	20451
38.3	20752
38.3	20791
38.3	21126
38.3	21174
38.3	21320
38.3	21437
38.3	21560
38.3	21712
38.3	21736
38.3	22089
38.3	22291
38.3	22588
38.3	22750
38.3	22946
38.3	23403
38.3	23658
38.3	23665
38.3	23697
38.3	23749
38.3	23934
38.4	26
38.4	92
38.4	431
38.4	1088
38.4	1198
38.4	1334
38.4	1754
38.4	2208
38.4	2474
38.4	2612
38.4	2743
38.4	3385
38.4	3426
38.4	3460
38.4	3680
38.4	3776
38.4	3799
38.4	4265
38.4	4423
38.4	4777
38.4	5001
38.4	5086
38.4	5666
38.4	5706
38.4	5776
38.4	6256
38.4	6315
38.4	6327
38.4	6729
38.4	6885
38.4	7446
38.4	7518
38.4	7762
38.4	7867
38.4	8045
38.4	8186
38.4	8258
38.4	8501
38.4	8763
38.4	8807
38.4	8815
38.4	8891
38.4	9007
38.4	9084
38.4	9258
38.4	9410
38.4	9518
38.4	9564
38.4	9591
38.4	9626
38.4	9696
38.4	9714
38.4	9857
38.4	9963
38.4	9979
38.4	10015
38.4	10243
38.4	10284
38.4	10814
38.4	10874
38.4	10910
38.4	10930
38.4	11256
38.4	11450
38.4	11633
38.4	11742
38.4	11747
38.4	11759
38.4	11867
38.4	12125
38.4	12468
38.4	12790
38.4	12860
38.4	12897
38.4	13063
38.4	13145
38.4	13360
38.4	13756
38.4	13882
38.4	13896
38.4	13907
38.4	14000
38.4	14020
38.4	14279
38.4	14346
38.4	14347
38.4	14531
38.4	14584
38.4	14832
38.4	15578
38.4	15913
38.4	15955
38.4	16237
38.4	16737
38.4	16836
38.4	17056
38.4	17317
38.4	17436
38.4	17546
38.4	17614
38.4	17713
38.4	17898
38.4	18206
38.4	18207
38.4	18360
38.4	18369
38.4	18556
38.4	18829
38.4	18853
38.4	19116
38.4	19125
38.4	19504
38.4	19631
38.4	19683
38.4	19734
38.4	19785
38.4	19793
38.4	19824
38.4	19930
38.4	20078
38.4	20225
38.4	20423
38.4	20546
38.4	20555
38.4	20613
38.4	20706
38.4	20845
38.4	20957
38.4	21214
38.4	21301
38.4	21347
38.4	21525
38.4	21540
38.4	21635
38.4	21778
38.4	21914
38.4	21930
38.4	22044
38.4	22053
38.4	22083
38.4	22153
38.4	22395
38.4	22986
38.4	23340
38.4	23489
38.4	23534
38.4	23787
38.5	78
38.5	112
38.5	127
38.5	219
38.5	416
38.5	608
38.5	815
38.5	858
38.5	1089
38.5	1131
38.5	1145
38.5	1309
38.5	1460
38.5	1800
38.5	1980
38.5	2219
38.5	2264
38.5	2619
38.5	2838
38.5	2895
38.5	3311
38.5	3494
38.5	3545
38.5	3590
38.5	3638
38.5	3660
38.5	4094
38.5	4344
38.5	4365
38.5	4645
38.5	4669
38.5	4691
38.5	4752
38.5	4788
38.5	4881
38.5	4887
38.5	4944
38.5	5186
38.5	6064
38.5	6080
38.5	6171
38.5	6192
38.5	6435
38.5	6486
38.5	6506
38.5	6528
38.5	6558
38.5	6914
38.5	6956
38.5	7483
38.5	7507
38.5	7680
38.5	7745
38.5	7763
38.5	7928
38.5	8206
38.5	8479
38.5	8641
38.5	8734
38.5	8967
38.5	8970
38.5	8977
38.5	8991
38.5	9114
38.5	9142
38.5	9225
38.5	9250
38.5	9383
38.5	10101
38.5	10220
38.5	10485
38.5	10502
38.5	11057
38.5	11227
38.5	11247
38.5	11409
38.5	11525
38.5	11832
38.5	11904
38.5	12361
38.5	12547
38.5	12738
38.5	13117
38.5	13414
38.5	13420
38.5	13459
38.5	13611
38.5	13644
38.5	13715
38.5	14144
38.5	14242
38.5	14342
38.5	14887
38.5	15079
38.5	15375
38.5	15557
38.5	15850
38.5	16007
38.5	16182
38.5	16189
38.5	16509
38.5	16529
38.5	16572
38.5	16768
38.5	17133
38.5	17141
38.5	17194
38.5	17291
38.5	17413
38.5	17463
38.5	17486
38.5	17737
38.5	17743
38.5	17833
38.5	17852
38.5	18321
38.5	18512
38.5	18594
38.5	18717
38.5	18737
38.5	19121
38.5	19623
38.5	19627
38.5	19632
38.5	19649
38.5	19761
38.5	20355
38.5	20458
38.5	20472
38.5	20621
38.5	20680
38.5	21208
38.5	21377
38.5	21431
38.5	21593
38.5	21792
38.5	21867
38.5	21956
38.5	22116
38.5	22123
38.5	22304
38.5	22353
38.5	22559
38.5	22787
38.5	23208
38.5	23250
38.5	23343
38.5	23392
38.5	23513
38.5	23524
38.5	23718
38.6	2
38.6	373
38.6	457
38.6	468
38.6	587
38.6	667
38.6	985
38.6	1151
38.6	1238
38.6	1525
38.6	1624
38.6	1868
38.6	2038
38.6	2050
38.6	2282
38.6	2675
38.6	2864
38.6	3213
38.6	3240
38.6	3362
38.6	3408
38.6	3502
38.6	3809
38.6	3982
38.6	4444
38.6	4547
38.6	4660
38.6	4718
38.6	4961
38.6	4999
38.6	5187
38.6	5290
38.6	5415
38.6	5737
38.6	6219
38.6	6388
38.6	6566
38.6	6759
38.6	7000
38.6	7286
38.6	7385
38.6	7447
38.6	7641
38.6	7739
38.6	7771
38.6	7830
38.6	8077
38.6	8231
38.6	8366
38.6	8837
38.6	9039
38.6	9314
38.6	9407
38.6	9524
38.6	9767
38.6	9792
38.6	9873
38.6	10136
38.6	10142
38.6	10240
38.6	10324
38.6	10731
38.6	11348
38.6	11731
38.6	11741
38.6	11913
38.6	12262
38.6	12553
38.6	12595
38.6	12714
38.6	13038
38.6	13655
38.6	13895
38.6	14136
38.6	14143
38.6	15034
38.6	15057
38.6	15190
38.6	16050
38.6	16130
38.6	16175
38.6	16390
38.6	16413
38.6	16457
38.6	16588
38.6	16829
38.6	16883
38.6	16909
38.6	17008
38.6	17398
38.6	17757
38.6	17779
38.6	18210
38.6	18244
38.6	18262
38.6	18288
38.6	18395
38.6	18405
38.6	18675
38.6	18716
38.6	18842
38.6	18995
38.6	19051
38.6	20041
38.6	20103
38.6	20282
38.6	20681
38.6	20912
38.6	21069
38.6	21107
38.6	21405
38.6	21820
38.6	22143
38.6	22443
38.6	22632
38.6	22765
38.6	22779
38.6	23015
38.6	23057
38.6	23574
38.6	23615
38.6	23682
38.6	23695
38.6	23908
38.6	23991
38.7	113
38.7	669
38.7	1049
38.7	1205
38.7	1228
38.7	1618
38.7	1673
38.7	1838
38.7	1853
38.7	1920
38.7	1953
38.7	2082
38.7	2104
38.7	2118
38.7	2763
38.7	2824
38.7	2845
38.7	2847
38.7	2893
38.7	3790
38.7	3805
38.7	4083
38.7	4208
38.7	4408
38.7	4468
38.7	4472
38.7	4659
38.7	4822
38.7	5172
38.7	5486
38.7	5490
38.7	5548
38.7	5590
38.7	5593
38.7	5655
38.7	5816
38.7	6261
38.7	6430
38.7	6481
38.7	6538
38.7	6670
38.7	6808
38.7	6947
38.7	7040
38.7	7517
38.7	7843
38.7	7905
38.7	7952
38.7	8059
38.7	8076
38.7	8331
38.7	8652
38.7	8680
38.7	8696
38.7	8715
38.7	8716
38.7	8907
38.7	8934
38.7	8958
38.7	9178
38.7	9331
38.7	9357
38.7	9374
38.7	9457
38.7	9498
38.7	10054
38.7	10080
38.7	10399
38.7	10532
38.7	10856
38.7	10864
38.7	10984
38.7	11030
38.7	11076
38.7	11095
38.7	11167
38.7	11211
38.7	11215
38.7	11236
38.7	11388
38.7	11535
38.7	11765
38.7	12039
38.7	12250
38.7	12688
38.7	12882
38.7	12908
38.7	13103
38.7	13112
38.7	13221
38.7	13674
38.7	14004
38.7	14166
38.7	14341
38.7	14404
38.7	15296
38.7	15390
38.7	15395
38.7	15420
38.7	15604
38.7	15663
38.7	15772
38.7	15780
38.7	15783
38.7	15867
38.7	16101
38.7	16860
38.7	17530
38.7	17739
38.7	17772
38.7	17899
38.7	18493
38.7	18537
38.7	18549
38.7	18585
38.7	18652
38.7	18704
38.7	18916
38.7	19007
38.7	19126
38.7	19139
38.7	19280
38.7	19703
38.7	19766
38.7	20052
38.7	20392
38.7	20481
38.7	20502
38.7	20632
38.7	20881
38.7	21344
38.7	21370
38.7	21523
38.7	21676
38.7	21801
38.7	22114
38.7	22183
38.7	22347
38.7	22858
38.7	22878
38.7	23244
38.7	23299
38.7	23648
38.8	493
38.8	947
38.8	1124
38.8	1408
38.8	1454
38.8	1533
38.8	1663
38.8	1905
38.8	2336
38.8	2546
38.8	2903
38.8	3012
38.8	3304
38.8	3691
38.8	3784
38.8	3800
38.8	3904
38.8	4087
38.8	4096
38.8	4248
38.8	4519
38.8	4912
38.8	4945
38.8	4955
38.8	5281
38.8	5424
38.8	5690
38.8	5934
38.8	6467
38.8	6610
38.8	6792
38.8	7075
38.8	7113
38.8	7203
38.8	7728
38.8	7767
38.8	7950
38.8	8102
38.8	8109
38.8	8544
38.8	8635
38.8	8788
38.8	8823
38.8	9024
38.8	9375
38.8	9428
38.8	9473
38.8	9620
38.8	9865
38.8	10367
38.8	10380
38.8	10634
38.8	10857
38.8	10863
38.8	10866
38.8	11145
38.8	11203
38.8	11571
38.8	11687
38.8	11795
38.8	11873
38.8	11971
38.8	12059
38.8	12235
38.8	12308
38.8	12827
38.8	12992
38.8	13058
38.8	13263
38.8	13381
38.8	13528
38.8	13947
38.8	14040
38.8	14062
38.8	14221
38.8	14276
38.8	14415
38.8	14482
38.8	14557
38.8	14594
38.8	14889
38.8	15237
38.8	15323
38.8	15348
38.8	15451
38.8	16584
38.8	16881
38.8	17005
38.8	17122
38.8	17273
38.8	17381
38.8	17839
38.8	18027
38.8	18188
38.8	18236
38.8	18961
38.8	19154
38.8	19482
38.8	19505
38.8	19842
38.8	20352
38.8	20519
38.8	20673
38.8	20811
38.8	21017
38.8	21076
38.8	21182
38.8	21394
38.8	21501
38.8	21762
38.8	21960
38.8	21966
38.8	22166
38.8	22367
38.8	22438
38.8	22570
38.8	22655
38.8	22842
38.8	22883
38.8	23014
38.8	23083
38.8	23155
38.8	23419
38.8	23602
38.8	23900
38.9	244
38.9	503
38.9	766
38.9	880
38.9	1066
38.9	1268
38.9	1276
38.9	1711
38.9	1887
38.9	1981
38.9	2122
38.9	2461
38.9	2478
38.9	2865
38.9	3341
38.9	3457
38.9	3468
38.9	3679
38.9	3697
38.9	3939
38.9	3940
38.9	4022
38.9	4591
38.9	4623
38.9	4754
38.9	4921
38.9	5049
38.9	5198
38.9	5260
38.9	5267
38.9	5399
38.9	5604
38.9	5654
38.9	5850
38.9	5878
38.9	5931
38.9	5961
38.9	6432
38.9	6905
38.9	7144
38.9	7315
38.9	7339
38.9	7562
38.9	7622
38.9	7740
38.9	8035
38.9	8306
38.9	8459
38.9	8846
38.9	8871
38.9	9496
38.9	9580
38.9	10033
38.9	10062
38.9	10129
38.9	10319
38.9	10361
38.9	10446
38.9	10551
38.9	10735
38.9	10801
38.9	10820
38.9	10993
38.9	11022
38.9	11029
38.9	11054
38.9	11789
38.9	12111
38.9	12365
38.9	12598
38.9	12684
38.9	12921
38.9	13271
38.9	13311
38.9	13428
38.9	13466
38.9	13472
38.9	13721
38.9	13800
38.9	13801
38.9	13844
38.9	14962
38.9	15074
38.9	15159
38.9	15583
38.9	15638
38.9	15650
38.9	16064
38.9	16406
38.9	16798
38.9	16882
38.9	16997
38.9	17510
38.9	17850
38.9	18192
38.9	18248
38.9	18570
38.9	19717
38.9	19783
38.9	19897
38.9	19956
38.9	20348
38.9	20382
38.9	20690
38.9	20698
38.9	20802
38.9	21389
38.9	21442
38.9	21559
38.9	22054
38.9	22129
38.9	22560
38.9	22744
38.9	22908
38.9	22930
38.9	23193
38.9	23691
38.9	23717
38.9	23751
38.9	23796
38.9	23849
39	419
39	455
39	856
39	1343
39	1564
39	2175
39	2346
39	2349
39	2408
39	2592
39	2627
39	2791
39	2806
39	2896
39	3360
39	3522
39	3723
39	3914
39	3941
39	3955
39	4223
39	4326
39	4396
39	4503
39	4958
39	5219
39	5274
39	5726
39	5749
39	5797
39	5803
39	5869
39	5986
39	6273
39	6736
39	6791
39	7069
39	7357
39	7883
39	8107
39	8625
39	8903
39	8932
39	9034
39	9177
39	9215
39	9599
39	10386
39	11121
39	11350
39	11395
39	11724
39	11729
39	11856
39	11896
39	12199
39	12216
39	12529
39	13036
39	13374
39	13463
39	13878
39	13903
39	14039
39	14075
39	14271
39	14771
39	15025
39	15156
39	15980
39	16225
39	16401
39	16403
39	16655
39	17012
39	17294
39	17349
39	17675
39	17786
39	17874
39	17886
39	18011
39	18317
39	18333
39	18679
39	18941
39	19035
39	19087
39	19111
39	19479
39	19525
39	19792
39	20456
39	20536
39	20711
39	20859
39	21259
39	22076
39	22179
39	22401
39	22474
39	22568
39	22754
39	22777
39	23115
39	23373
39	23536
39	23569
39	23794
39	23913
39.1	242
39.1	286
39.1	535
39.1	1138
39.1	1630
39.1	1679
39.1	1982
39.1	2182
39.1	2304
39.1	2724
39.1	2945
39.1	3185
39.1	3191
39.1	3267
39.1	3389
39.1	3519
39.1	4350
39.1	4680
39.1	4800
39.1	4853
39.1	5039
39.1	5206
39.1	5262
39.1	5335
39.1	5705
39.1	6110
39.1	6142
39.1	6438
39.1	6572
39.1	6715
39.1	7079
39.1	7119
39.1	7275
39.1	8244
39.1	8393
39.1	8453
39.1	8499
39.1	8732
39.1	9320
39.1	9812
39.1	10118
39.1	10197
39.1	10378
39.1	10987
39.1	11032
39.1	11113
39.1	11130
39.1	11205
39.1	11228
39.1	11340
39.1	11658
39.1	11848
39.1	12686
39.1	13248
39.1	13627
39.1	13792
39.1	14200
39.1	14262
39.1	14533
39.1	14668
39.1	14900
39.1	15430
39.1	15479
39.1	15530
39.1	15733
39.1	16099
39.1	16473
39.1	16758
39.1	16772
39.1	16824
39.1	17074
39.1	17158
39.1	17422
39.1	17716
39.1	17972
39.1	18133
39.1	18215
39.1	18356
39.1	18417
39.1	18482
39.1	18501
39.1	18731
39.1	18864
39.1	18939
39.1	19107
39.1	19199
39.1	19267
39.1	19495
39.1	19608
39.1	19661
39.1	19945
39.1	20040
39.1	20117
39.1	20196
39.1	20303
39.1	20494
39.1	20781
39.1	20992
39.1	21008
39.1	21280
39.1	21434
39.1	21718
39.1	21728
39.1	21968
39.1	22341
39.1	22731
39.1	23104
39.1	23164
39.1	23472
39.1	23663
39.1	23696
39.2	469
39.2	473
39.2	570
39.2	674
39.2	698
39.2	714
39.2	979
39.2	1000
39.2	1001
39.2	1067
39.2	1122
39.2	1206
39.2	1652
39.2	2350
39.2	2418
39.2	2603
39.2	2638
39.2	2775
39.2	2878
39.2	2888
39.2	3289
39.2	3344
39.2	3393
39.2	3577
39.2	3709
39.2	4056
39.2	4333
39.2	4758
39.2	4993
39.2	5132
39.2	5294
39.2	5676
39.2	5801
39.2	5849
39.2	5889
39.2	5948
39.2	5967
39.2	6128
39.2	6344
39.2	6348
39.2	6503
39.2	6621
39.2	6638
39.2	6794
39.2	7239
39.2	7773
39.2	7931
39.2	8029
39.2	8224
39.2	8327
39.2	8484
39.2	8951
39.2	9006
39.2	9742
39.2	9765
39.2	9915
39.2	10073
39.2	10464
39.2	10465
39.2	10503
39.2	10728
39.2	10765
39.2	10870
39.2	10946
39.2	11692
39.2	11756
39.2	11933
39.2	12079
39.2	12608
39.2	12680
39.2	13505
39.2	13722
39.2	13810
39.2	13989
39.2	14037
39.2	14474
39.2	14881
39.2	14911
39.2	15154
39.2	15178
39.2	15317
39.2	15732
39.2	15784
39.2	15817
39.2	15909
39.2	16036
39.2	16103
39.2	16150
39.2	16680
39.2	17065
39.2	17099
39.2	17130
39.2	17659
39.2	17766
39.2	17801
39.2	17896
39.2	18088
39.2	18106
39.2	18402
39.2	18607
39.2	18828
39.2	19238
39.2	19333
39.2	19508
39.2	19942
39.2	20029
39.2	20038
39.2	20165
39.2	20169
39.2	20753
39.2	20856
39.2	20948
39.2	21363
39.2	21429
39.2	21673
39.2	21686
39.2	21770
39.2	21787
39.2	22094
39.2	22227
39.2	22297
39.2	22334
39.2	22354
39.2	22416
39.2	22711
39.2	23087
39.2	23145
39.2	23199
39.2	23276
39.2	23730
39.3	104
39.3	349
39.3	755
39.3	914
39.3	969
39.3	1148
39.3	1149
39.3	1210
39.3	1379
39.3	1426
39.3	1568
39.3	1642
39.3	1834
39.3	2081
39.3	2127
39.3	2144
39.3	2782
39.3	2930
39.3	3132
39.3	3157
39.3	3357
39.3	4171
39.3	4296
39.3	4329
39.3	4346
39.3	4813
39.3	5048
39.3	5248
39.3	5674
39.3	5839
39.3	6062
39.3	6612
39.3	7221
39.3	7436
39.3	7610
39.3	8132
39.3	8184
39.3	8205
39.3	8369
39.3	8371
39.3	8541
39.3	8671
39.3	9078
39.3	9121
39.3	9301
39.3	9589
39.3	9674
39.3	10312
39.3	10372
39.3	10643
39.3	11001
39.3	11104
39.3	11287
39.3	11306
39.3	11433
39.3	11636
39.3	11647
39.3	12132
39.3	12241
39.3	12256
39.3	12288
39.3	12717
39.3	12769
39.3	13094
39.3	13176
39.3	14485
39.3	14506
39.3	14617
39.3	14663
39.3	14973
39.3	15061
39.3	15246
39.3	15349
39.3	15525
39.3	15847
39.3	15907
39.3	16161
39.3	16259
39.3	16283
39.3	16480
39.3	16493
39.3	17704
39.3	17873
39.3	17926
39.3	18054
39.3	18117
39.3	18211
39.3	18335
39.3	18445
39.3	18712
39.3	18936
39.3	18997
39.3	19368
39.3	19662
39.3	19839
39.3	20028
39.3	20210
39.3	20219
39.3	20394
39.3	20475
39.3	20645
39.3	20778
39.3	21108
39.3	21409
39.3	21764
39.3	21848
39.3	21927
39.3	22339
39.3	22407
39.3	22630
39.3	23530
39.3	23676
39.3	23790
39.3	23990
39.4	10
39.4	160
39.4	191
39.4	298
39.4	534
39.4	707
39.4	1278
39.4	2170
39.4	2228
39.4	2315
39.4	2351
39.4	2534
39.4	2585
39.4	2626
39.4	3040
39.4	3226
39.4	3715
39.4	3888
39.4	3896
39.4	3921
39.4	3950
39.4	3978
39.4	4013
39.4	4029
39.4	4063
39.4	4071
39.4	4728
39.4	4879
39.4	5088
39.4	5551
39.4	6742
39.4	6802
39.4	7017
39.4	7170
39.4	7411
39.4	7488
39.4	7941
39.4	8156
39.4	8195
39.4	8286
39.4	8319
39.4	8587
39.4	8960
39.4	9009
39.4	9259
39.4	9667
39.4	10116
39.4	10897
39.4	10939
39.4	11005
39.4	11068
39.4	11138
39.4	11439
39.4	11595
39.4	11655
39.4	11818
39.4	12321
39.4	12323
39.4	12433
39.4	12645
39.4	12678
39.4	12743
39.4	12777
39.4	13188
39.4	13475
39.4	13586
39.4	13617
39.4	13623
39.4	13712
39.4	15203
39.4	15440
39.4	15566
39.4	15691
39.4	15921
39.4	15991
39.4	16433
39.4	16587
39.4	16654
39.4	17095
39.4	17172
39.4	17180
39.4	17442
39.4	17560
39.4	17656
39.4	17670
39.4	17717
39.4	17829
39.4	17876
39.4	17925
39.4	18012
39.4	18125
39.4	18182
39.4	18334
39.4	18432
39.4	18488
39.4	18595
39.4	18772
39.4	18794
39.4	18866
39.4	19017
39.4	19085
39.4	19299
39.4	19490
39.4	20250
39.4	20893
39.4	21388
39.4	21426
39.4	21488
39.4	22236
39.4	22552
39.4	22577
39.4	22696
39.4	22785
39.4	23047
39.4	23167
39.4	23185
39.4	23198
39.4	23232
39.4	23314
39.4	23355
39.4	23358
39.4	23741
39.4	23831
39.4	23964
39.5	179
39.5	367
39.5	500
39.5	636
39.5	677
39.5	760
39.5	1121
39.5	2892
39.5	3646
39.5	4178
39.5	4531
39.5	4548
39.5	4613
39.5	4799
39.5	4992
39.5	5058
39.5	5370
39.5	5473
39.5	5534
39.5	5793
39.5	6359
39.5	6366
39.5	6375
39.5	6564
39.5	6602
39.5	7270
39.5	7459
39.5	7480
39.5	7557
39.5	8134
39.5	8200
39.5	8384
39.5	8467
39.5	8692
39.5	8721
39.5	8769
39.5	8827
39.5	8859
39.5	9005
39.5	9035
39.5	9255
39.5	9273
39.5	9376
39.5	9511
39.5	9617
39.5	9638
39.5	9947
39.5	10034
39.5	10258
39.5	10341
39.5	10387
39.5	10606
39.5	10948
39.5	11071
39.5	11111
39.5	11370
39.5	11609
39.5	11743
39.5	11845
39.5	11982
39.5	12000
39.5	12242
39.5	12653
39.5	12785
39.5	13013
39.5	13660
39.5	13701
39.5	14014
39.5	14282
39.5	14608
39.5	14786
39.5	14904
39.5	14934
39.5	15490
39.5	15514
39.5	15675
39.5	15684
39.5	16028
39.5	16378
39.5	16608
39.5	16796
39.5	16847
39.5	16989
39.5	17228
39.5	17241
39.5	17660
39.5	17715
39.5	17785
39.5	17856
39.5	18053
39.5	18056
39.5	18099
39.5	18271
39.5	18365
39.5	18472
39.5	18558
39.5	18783
39.5	18872
39.5	18996
39.5	19179
39.5	19572
39.5	19788
39.5	19836
39.5	20087
39.5	20625
39.5	20665
39.5	20892
39.5	20989
39.5	21091
39.5	21114
39.5	21140
39.5	21518
39.5	21922
39.5	22007
39.5	22020
39.5	22029
39.5	22453
39.5	22501
39.5	22624
39.5	22942
39.5	22968
39.5	23039
39.5	23289
39.5	23354
39.5	23753
39.5	23940
39.5	23994
39.6	291
39.6	484
39.6	548
39.6	746
39.6	899
39.6	1297
39.6	1556
39.6	1691
39.6	2017
39.6	2091
39.6	2205
39.6	2595
39.6	3334
39.6	3479
39.6	3606
39.6	3610
39.6	3664
39.6	3850
39.6	3884
39.6	3903
39.6	4161
39.6	4358
39.6	4490
39.6	4508
39.6	4594
39.6	4756
39.6	4823
39.6	4935
39.6	5014
39.6	5495
39.6	6014
39.6	6476
39.6	6601
39.6	6650
39.6	6926
39.6	7273
39.6	7301
39.6	7523
39.6	7815
39.6	7902
39.6	8028
39.6	8210
39.6	8476
39.6	8681
39.6	8757
39.6	8808
39.6	9072
39.6	9181
39.6	9199
39.6	9290
39.6	9471
39.6	9621
39.6	9708
39.6	10130
39.6	10923
39.6	10985
39.6	11074
39.6	11085
39.6	11297
39.6	11634
39.6	11686
39.6	12033
39.6	12223
39.6	12540
39.6	12575
39.6	13057
39.6	13806
39.6	14334
39.6	14974
39.6	15060
39.6	15189
39.6	15629
39.6	15746
39.6	15796
39.6	15829
39.6	15954
39.6	15963
39.6	16123
39.6	16559
39.6	16880
39.6	16938
39.6	17091
39.6	17332
39.6	17540
39.6	17762
39.6	17901
39.6	18016
39.6	18338
39.6	18404
39.6	18471
39.6	18508
39.6	18519
39.6	18785
39.6	19030
39.6	19311
39.6	19423
39.6	19658
39.6	19910
39.6	19912
39.6	20021
39.6	20396
39.6	20571
39.6	21105
39.6	21515
39.6	21709
39.6	22145
39.6	22181
39.6	22305
39.6	22751
39.6	23099
39.6	23255
39.6	23384
39.6	23494
39.6	23641
39.6	23745
39.6	23963
39.7	270
39.7	385
39.7	652
39.7	658
39.7	768
39.7	986
39.7	1078
39.7	1467
39.7	1824
39.7	3145
39.7	3434
39.7	3510
39.7	3566
39.7	3778
39.7	3837
39.7	3845
39.7	4078
39.7	4098
39.7	4413
39.7	4678
39.7	4710
39.7	4829
39.7	5079
39.7	5135
39.7	5244
39.7	5298
39.7	5369
39.7	5794
39.7	5924
39.7	6057
39.7	6149
39.7	6578
39.7	7602
39.7	7699
39.7	7715
39.7	7790
39.7	8252
39.7	8340
39.7	9104
39.7	9194
39.7	9238
39.7	9831
39.7	9902
39.7	9927
39.7	10149
39.7	10322
39.7	10517
39.7	10609
39.7	10649
39.7	10650
39.7	10786
39.7	10851
39.7	10890
39.7	11011
39.7	11109
39.7	11178
39.7	11325
39.7	11578
39.7	11678
39.7	11774
39.7	11965
39.7	11966
39.7	12100
39.7	12231
39.7	13098
39.7	13681
39.7	13691
39.7	13765
39.7	13899
39.7	13902
39.7	14270
39.7	14321
39.7	14799
39.7	15101
39.7	15146
39.7	15416
39.7	15585
39.7	15911
39.7	15956
39.7	16522
39.7	16615
39.7	16717
39.7	16742
39.7	16764
39.7	16781
39.7	17069
39.7	17621
39.7	17780
39.7	18274
39.7	18507
39.7	18724
39.7	19273
39.7	19360
39.7	19376
39.7	19484
39.7	19606
39.7	20241
39.7	20620
39.7	20883
39.7	20907
39.7	21052
39.7	21073
39.7	21147
39.7	21692
39.7	21831
39.7	22445
39.7	22458
39.7	22844
39.7	23111
39.7	23398
39.7	23547
39.7	23707
39.8	61
39.8	77
39.8	274
39.8	557
39.8	933
39.8	949
39.8	967
39.8	982
39.8	1199
39.8	1372
39.8	1409
39.8	1724
39.8	1863
39.8	1922
39.8	1923
39.8	2067
39.8	2142
39.8	2206
39.8	2514
39.8	2552
39.8	2698
39.8	2754
39.8	2774
39.8	2894
39.8	2985
39.8	3045
39.8	3069
39.8	3350
39.8	3842
39.8	4123
39.8	4716
39.8	5113
39.8	5639
39.8	6588
39.8	6693
39.8	7012
39.8	7099
39.8	7165
39.8	7166
39.8	7277
39.8	7647
39.8	8026
39.8	8399
39.8	8856
39.8	9158
39.8	9483
39.8	9537
39.8	9613
39.8	9636
39.8	10355
39.8	10627
39.8	10658
39.8	10776
39.8	10806
39.8	11110
39.8	11172
39.8	11220
39.8	11534
39.8	11893
39.8	12257
39.8	12883
39.8	12983
39.8	13930
39.8	14145
39.8	14174
39.8	14628
39.8	15250
39.8	15755
39.8	15866
39.8	15869
39.8	16102
39.8	16315
39.8	16499
39.8	16656
39.8	16663
39.8	16723
39.8	16825
39.8	17084
39.8	17602
39.8	17608
39.8	18058
39.8	18068
39.8	18130
39.8	18199
39.8	18418
39.8	18843
39.8	18957
39.8	19644
39.8	19947
39.8	20055
39.8	20693
39.8	21215
39.8	21263
39.8	21315
39.8	21543
39.8	21592
39.8	22065
39.8	22440
39.8	22631
39.8	23372
39.9	1
39.9	631
39.9	998
39.9	1327
39.9	1557
39.9	1573
39.9	1760
39.9	1877
39.9	2012
39.9	2241
39.9	2249
39.9	2382
39.9	2488
39.9	2785
39.9	3133
39.9	3622
39.9	4198
39.9	4266
39.9	4279
39.9	4403
39.9	4475
39.9	4701
39.9	4834
39.9	4956
39.9	5031
39.9	5531
39.9	6134
39.9	6250
39.9	6420
39.9	6554
39.9	6678
39.9	6917
39.9	6972
39.9	7198
39.9	7211
39.9	7649
39.9	7967
39.9	8166
39.9	9094
39.9	9126
39.9	9281
39.9	9692
39.9	9848
39.9	9930
39.9	9974
39.9	10053
39.9	10250
39.9	10403
39.9	10433
39.9	10796
39.9	10828
39.9	10937
39.9	11089
39.9	11382
39.9	11653
39.9	11887
39.9	11947
39.9	11968
39.9	12004
39.9	12089
39.9	13344
39.9	13395
39.9	13503
39.9	13755
39.9	14007
39.9	14534
39.9	14809
39.9	14891
39.9	15003
39.9	15069
39.9	15351
39.9	15356
39.9	15382
39.9	15597
39.9	16136
39.9	16420
39.9	16951
39.9	17339
39.9	18037
39.9	18381
39.9	18553
39.9	18564
39.9	18583
39.9	19088
39.9	19409
39.9	19543
39.9	20178
39.9	20186
39.9	20562
39.9	20636
39.9	20648
39.9	20664
39.9	20768
39.9	20818
39.9	20962
39.9	21075
39.9	21226
39.9	21251
39.9	21443
39.9	21879
39.9	21959
39.9	22078
39.9	22197
39.9	22205
39.9	23045
39.9	23254
40	190
40	341
40	622
40	1005
40	1483
40	1639
40	2210
40	2319
40	2454
40	2947
40	3006
40	3253
40	3325
40	4288
40	4566
40	4668
40	4995
40	5494
40	5543
40	6117
40	6611
40	6876
40	7268
40	7431
40	7655
40	7923
40	8084
40	8365
40	9085
40	9333
40	9572
40	9686
40	10008
40	10255
40	10264
40	10377
40	10427
40	10887
40	10908
40	10911
40	10916
40	11173
40	11187
40	11628
40	11810
40	11897
40	11906
40	12006
40	12591
40	14015
40	14264
40	14343
40	15071
40	15153
40	15258
40	15507
40	15569
40	15990
40	16020
40	16255
40	16527
40	16618
40	16738
40	17145
40	17301
40	17858
40	17973
40	18577
40	18620
40	18714
40	18838
40	18943
40	18962
40	18973
40	19209
40	19448
40	19955
40	20344
40	20482
40	20558
40	20589
40	20750
40	21063
40	21702
40	21828
40	22685
40	23184
40	23240
40	23300
40	23394
40.1	13
40.1	333
40.1	624
40.1	769
40.1	843
40.1	862
40.1	1037
40.1	1093
40.1	1152
40.1	1170
40.1	1266
40.1	1766
40.1	1810
40.1	2274
40.1	2708
40.1	2776
40.1	3355
40.1	3429
40.1	4357
40.1	4539
40.1	4715
40.1	4877
40.1	5182
40.1	5224
40.1	5300
40.1	5406
40.1	5470
40.1	5665
40.1	6023
40.1	6049
40.1	6079
40.1	6655
40.1	7030
40.1	7127
40.1	7242
40.1	7306
40.1	7434
40.1	8309
40.1	8537
40.1	8606
40.1	9154
40.1	9590
40.1	9939
40.1	10032
40.1	10232
40.1	10473
40.1	10505
40.1	10547
40.1	10968
40.1	11359
40.1	11837
40.1	12306
40.1	12525
40.1	12617
40.1	12910
40.1	12997
40.1	13209
40.1	13367
40.1	13408
40.1	13512
40.1	13820
40.1	13967
40.1	14077
40.1	14177
40.1	14183
40.1	14195
40.1	14392
40.1	14424
40.1	14963
40.1	15017
40.1	15115
40.1	15458
40.1	15891
40.1	15989
40.1	15997
40.1	16539
40.1	16958
40.1	17066
40.1	17297
40.1	17721
40.1	18061
40.1	18302
40.1	18327
40.1	18932
40.1	18993
40.1	20409
40.1	20626
40.1	21587
40.1	21600
40.1	22061
40.1	22092
40.1	22193
40.1	22301
40.1	22467
40.1	22641
40.1	22956
40.1	23127
40.1	23144
40.1	23371
40.1	23463
40.1	23604
40.1	23701
40.1	23817
40.2	309
40.2	376
40.2	901
40.2	1010
40.2	1291
40.2	1312
40.2	1587
40.2	1634
40.2	1658
40.2	1792
40.2	1864
40.2	1975
40.2	2057
40.2	2133
40.2	2374
40.2	2875
40.2	3158
40.2	3402
40.2	3499
40.2	3589
40.2	3747
40.2	3934
40.2	4351
40.2	4567
40.2	4587
40.2	4917
40.2	4960
40.2	4978
40.2	4986
40.2	5382
40.2	5745
40.2	5752
40.2	5936
40.2	6233
40.2	6535
40.2	6922
40.2	7124
40.2	7177
40.2	7409
40.2	7541
40.2	8276
40.2	8920
40.2	9151
40.2	9400
40.2	9413
40.2	10226
40.2	10736
40.2	10813
40.2	11374
40.2	11407
40.2	11842
40.2	12335
40.2	12801
40.2	12832
40.2	12891
40.2	13625
40.2	13709
40.2	14823
40.2	15544
40.2	15643
40.2	15688
40.2	15771
40.2	16023
40.2	16152
40.2	16776
40.2	16910
40.2	16993
40.2	17009
40.2	17085
40.2	17802
40.2	17840
40.2	17842
40.2	18222
40.2	19013
40.2	19326
40.2	19618
40.2	19790
40.2	20585
40.2	21005
40.2	21095
40.2	21940
40.2	22619
40.2	22784
40.3	132
40.3	272
40.3	842
40.3	1647
40.3	2227
40.3	2395
40.3	2905
40.3	2962
40.3	3836
40.3	3995
40.3	4532
40.3	4847
40.3	4920
40.3	5867
40.3	6043
40.3	6342
40.3	6489
40.3	6659
40.3	7005
40.3	7086
40.3	7096
40.3	7383
40.3	7403
40.3	7556
40.3	8080
40.3	8087
40.3	8304
40.3	8360
40.3	9129
40.3	9360
40.3	9606
40.3	9700
40.3	9726
40.3	9841
40.3	10298
40.3	10599
40.3	11283
40.3	11964
40.3	12028
40.3	12102
40.3	13109
40.3	13139
40.3	13149
40.3	13610
40.3	14148
40.3	14285
40.3	14664
40.3	14816
40.3	15214
40.3	15984
40.3	18575
40.3	18638
40.3	18958
40.3	19068
40.3	19155
40.3	19575
40.3	19877
40.3	19938
40.3	20158
40.3	20375
40.3	20739
40.3	21050
40.3	22833
40.3	23712
40.3	23868
40.4	342
40.4	566
40.4	1626
40.4	2303
40.4	2528
40.4	3062
40.4	3086
40.4	3230
40.4	3918
40.4	3945
40.4	4828
40.4	5044
40.4	5492
40.4	5860
40.4	6121
40.4	6143
40.4	6266
40.4	6271
40.4	6291
40.4	6804
40.4	7307
40.4	7388
40.4	7751
40.4	7942
40.4	8016
40.4	8173
40.4	8269
40.4	8452
40.4	8673
40.4	9182
40.4	9264
40.4	9300
40.4	9718
40.4	10076
40.4	10137
40.4	10436
40.4	10653
40.4	10762
40.4	11170
40.4	11329
40.4	11768
40.4	12067
40.4	12113
40.4	13115
40.4	13122
40.4	13581
40.4	14016
40.4	14033
40.4	14843
40.4	14961
40.4	15075
40.4	15090
40.4	15128
40.4	15778
40.4	16110
40.4	16341
40.4	16497
40.4	16556
40.4	17264
40.4	17368
40.4	17877
40.4	17895
40.4	18003
40.4	18127
40.4	18241
40.4	18277
40.4	18669
40.4	18728
40.4	18822
40.4	18908
40.4	19216
40.4	19274
40.4	19435
40.4	20091
40.4	20251
40.4	20812
40.4	21080
40.4	21130
40.4	21213
40.4	21230
40.4	21287
40.4	22396
40.4	23245
40.4	23876
40.5	560
40.5	654
40.5	735
40.5	962
40.5	1669
40.5	2292
40.5	2355
40.5	3103
40.5	3515
40.5	3754
40.5	4194
40.5	4522
40.5	4535
40.5	4598
40.5	4615
40.5	5062
40.5	5123
40.5	5422
40.5	6251
40.5	6285
40.5	6414
40.5	6557
40.5	6666
40.5	7201
40.5	7373
40.5	7652
40.5	8357
40.5	8411
40.5	8578
40.5	9108
40.5	9133
40.5	9170
40.5	9363
40.5	10589
40.5	10701
40.5	10876
40.5	10915
40.5	11183
40.5	11456
40.5	11472
40.5	11632
40.5	11683
40.5	12467
40.5	13340
40.5	13497
40.5	13823
40.5	13870
40.5	13873
40.5	14523
40.5	14749
40.5	14755
40.5	14902
40.5	15173
40.5	15937
40.5	16347
40.5	16708
40.5	17281
40.5	17475
40.5	17478
40.5	17507
40.5	17958
40.5	18083
40.5	18205
40.5	18383
40.5	18438
40.5	19350
40.5	19657
40.5	19932
40.5	21471
40.5	22899
40.5	23303
40.5	23622
40.6	107
40.6	1526
40.6	1952
40.6	2380
40.6	2477
40.6	2786
40.6	3290
40.6	3427
40.6	3450
40.6	4036
40.6	4126
40.6	4159
40.6	4681
40.6	4770
40.6	5502
40.6	5658
40.6	5679
40.6	6357
40.6	7703
40.6	7765
40.6	7832
40.6	7842
40.6	7978
40.6	8031
40.6	8551
40.6	8689
40.6	8802
40.6	8959
40.6	9062
40.6	9355
40.6	9420
40.6	9501
40.6	9551
40.6	10041
40.6	10222
40.6	10316
40.6	10330
40.6	10543
40.6	10614
40.6	10659
40.6	10787
40.6	12031
40.6	12875
40.6	12923
40.6	12950
40.6	13202
40.6	13226
40.6	13510
40.6	14172
40.6	14698
40.6	14718
40.6	15037
40.6	15422
40.6	15427
40.6	16191
40.6	16268
40.6	16566
40.6	16709
40.6	16981
40.6	17429
40.6	17524
40.6	17550
40.6	17658
40.6	17919
40.6	18466
40.6	18511
40.6	18574
40.6	18664
40.6	19024
40.6	19171
40.6	19551
40.6	19927
40.6	20229
40.6	20697
40.6	20740
40.6	20852
40.6	21121
40.6	21292
40.6	21428
40.6	21711
40.6	21796
40.6	22045
40.6	22095
40.6	22122
40.6	22124
40.6	22336
40.6	22617
40.7	588
40.7	710
40.7	741
40.7	1326
40.7	1554
40.7	1822
40.7	2196
40.7	2505
40.7	2793
40.7	2852
40.7	4753
40.7	5757
40.7	5977
40.7	6037
40.7	7023
40.7	8106
40.7	8192
40.7	8376
40.7	8663
40.7	9740
40.7	10487
40.7	10839
40.7	11232
40.7	11375
40.7	11474
40.7	12146
40.7	12173
40.7	12381
40.7	12773
40.7	12848
40.7	13030
40.7	13476
40.7	13793
40.7	14804
40.7	15026
40.7	15161
40.7	15672
40.7	15912
40.7	15926
40.7	17574
40.7	17872
40.7	19277
40.7	19884
40.7	20900
40.7	21729
40.7	22609
40.7	22725
40.7	23019
40.7	23032
40.7	23205
40.7	23613
40.7	23706
40.8	103
40.8	771
40.8	932
40.8	948
40.8	1295
40.8	1367
40.8	2312
40.8	2576
40.8	3486
40.8	3570
40.8	3863
40.8	4865
40.8	7568
40.8	8162
40.8	8822
40.8	9414
40.8	9883
40.8	10477
40.8	10562
40.8	11015
40.8	11078
40.8	11091
40.8	11500
40.8	11669
40.8	12118
40.8	12839
40.8	12932
40.8	13294
40.8	13399
40.8	13758
40.8	14043
40.8	14674
40.8	14676
40.8	15072
40.8	15718
40.8	15876
40.8	16647
40.8	16905
40.8	16966
40.8	17127
40.8	17268
40.8	17318
40.8	17594
40.8	17794
40.8	18284
40.8	18318
40.8	18415
40.8	18892
40.8	19597
40.8	19771
40.8	20129
40.8	20155
40.8	20359
40.8	20780
40.8	21057
40.8	21591
40.8	21858
40.8	21954
40.8	22214
40.8	22241
40.8	22490
40.8	22906
40.8	22992
40.8	23775
40.9	599
40.9	1354
40.9	1358
40.9	2075
40.9	2707
40.9	2881
40.9	3513
40.9	3556
40.9	3880
40.9	3938
40.9	4127
40.9	5372
40.9	5827
40.9	7180
40.9	7259
40.9	7287
40.9	8809
40.9	9778
40.9	10048
40.9	10373
40.9	11767
40.9	12292
40.9	12589
40.9	12834
40.9	12942
40.9	13734
40.9	14493
40.9	14908
40.9	15035
40.9	15306
40.9	16005
40.9	16351
40.9	16442
40.9	16899
40.9	17064
40.9	17522
40.9	17592
40.9	17664
40.9	18608
40.9	19207
40.9	20025
40.9	20700
40.9	20738
40.9	20757
40.9	21183
40.9	21909
40.9	21944
40.9	21995
40.9	22223
40.9	22752
40.9	23065
40.9	23412
40.9	23510
41	69
41	487
41	902
41	1322
41	1331
41	1378
41	1527
41	1859
41	2846
41	2955
41	3140
41	3633
41	3703
41	4595
41	4819
41	5762
41	5982
41	5994
41	6763
41	6787
41	6816
41	7053
41	7404
41	7442
41	7563
41	7770
41	8015
41	8124
41	8315
41	8323
41	8860
41	9092
41	9719
41	10832
41	13163
41	13305
41	13397
41	14064
41	15886
41	16519
41	17033
41	17234
41	17474
41	18034
41	19057
41	20027
41	20177
41	20324
41	21029
41	21374
41	21483
41	22148
41	22289
41	22719
41	22743
41	22879
41.1	891
41.1	1225
41.1	1988
41.1	2114
41.1	2710
41.1	3000
41.1	3068
41.1	3353
41.1	3761
41.1	3840
41.1	4079
41.1	4099
41.1	4632
41.1	5341
41.1	5905
41.1	6434
41.1	6697
41.1	6844
41.1	7126
41.1	7217
41.1	7321
41.1	7780
41.1	7966
41.1	9429
41.1	9668
41.1	10962
41.1	11010
41.1	11707
41.1	11817
41.1	11889
41.1	12094
41.1	12167
41.1	12665
41.1	12702
41.1	12981
41.1	13284
41.1	13728
41.1	15177
41.1	15230
41.1	15621
41.1	16163
41.1	16350
41.1	16869
41.1	16928
41.1	17079
41.1	18235
41.1	19746
41.1	20042
41.1	20237
41.1	20861
41.1	21078
41.1	21413
41.1	21574
41.1	22299
41.1	22462
41.1	22697
41.1	23268
41.1	23296
41.1	23438
41.1	23485
41.1	23486
41.2	287
41.2	456
41.2	835
41.2	977
41.2	1061
41.2	1828
41.2	1972
41.2	2352
41.2	2360
41.2	2438
41.2	2494
41.2	2628
41.2	3225
41.2	5362
41.2	5815
41.2	5883
41.2	6245
41.2	6511
41.2	6676
41.2	7271
41.2	7544
41.2	10012
41.2	10036
41.2	10057
41.2	10576
41.2	10892
41.2	11701
41.2	13325
41.2	14081
41.2	14842
41.2	16155
41.2	16463
41.2	17016
41.2	17104
41.2	17222
41.2	17677
41.2	19060
41.2	19650
41.2	20463
41.2	20556
41.2	20953
41.2	21125
41.2	22087
41.2	23209
41.3	115
41.3	118
41.3	198
41.3	464
41.3	951
41.3	1103
41.3	1314
41.3	2863
41.3	2918
41.3	3736
41.3	3905
41.3	4093
41.3	4572
41.3	4805
41.3	6597
41.3	7181
41.3	7422
41.3	7789
41.3	7856
41.3	8954
41.3	9435
41.3	9581
41.3	9833
41.3	10229
41.3	11728
41.3	12279
41.3	12881
41.3	13008
41.3	13129
41.3	13803
41.3	14999
41.3	15763
41.3	16631
41.3	16754
41.3	16802
41.3	17325
41.3	17562
41.3	19039
41.3	19165
41.3	19744
41.3	20326
41.3	20964
41.3	21040
41.3	21220
41.3	21281
41.3	21837
41.3	22021
41.3	22178
41.3	22759
41.3	22881
41.4	53
41.4	415
41.4	489
41.4	515
41.4	792
41.4	938
41.4	1442
41.4	1911
41.4	2235
41.4	2299
41.4	3425
41.4	3478
41.4	3730
41.4	4437
41.4	5280
41.4	5364
41.4	5703
41.4	6173
41.4	6906
41.4	6987
41.4	7759
41.4	7954
41.4	8226
41.4	8562
41.4	9310
41.4	9721
41.4	9957
41.4	10538
41.4	10592
41.4	10612
41.4	11838
41.4	12326
41.4	12489
41.4	13056
41.4	13615
41.4	13931
41.4	14483
41.4	16043
41.4	16205
41.4	17455
41.4	17727
41.4	18245
41.4	19373
41.4	19800
41.4	20903
41.4	20952
41.4	21144
41.4	21738
41.4	21982
41.4	23027
41.4	23346
41.4	23447
41.5	39
41.5	750
41.5	2211
41.5	2413
41.5	2694
41.5	2761
41.5	3286
41.5	3671
41.5	4196
41.5	4862
41.5	5514
41.5	5796
41.5	5798
41.5	6032
41.5	6154
41.5	6187
41.5	8139
41.5	9401
41.5	9713
41.5	10652
41.5	10753
41.5	12222
41.5	12792
41.5	12996
41.5	13939
41.5	14194
41.5	14353
41.5	14630
41.5	17236
41.5	17472
41.5	18154
41.5	18204
41.5	19305
41.5	19406
41.5	19460
41.5	19668
41.5	20835
41.5	22558
41.5	23369
41.5	23935
41.5	23936
41.6	589
41.6	687
41.6	1631
41.6	1886
41.6	1994
41.6	2145
41.6	2230
41.6	2247
41.6	2399
41.6	2721
41.6	3173
41.6	4420
41.6	4430
41.6	4947
41.6	5029
41.6	5163
41.6	5361
41.6	5631
41.6	5668
41.6	5684
41.6	5842
41.6	6216
41.6	7410
41.6	9788
41.6	12532
41.6	13822
41.6	14204
41.6	16295
41.6	17046
41.6	17351
41.6	18226
41.6	18392
41.6	18394
41.6	18703
41.6	18981
41.6	19184
41.6	21486
41.6	21953
41.6	22522
41.6	22544
41.6	22647
41.6	23055
41.6	23307
41.6	23880
41.7	343
41.7	1725
41.7	2273
41.7	3003
41.7	4067
41.7	4462
41.7	5707
41.7	7719
41.7	8656
41.7	8882
41.7	9531
41.7	9649
41.7	10000
41.7	10011
41.7	10815
41.7	11254
41.7	11399
41.7	11732
41.7	12122
41.7	12348
41.7	12698
41.7	12775
41.7	12931
41.7	13102
41.7	13170
41.7	13363
41.7	13507
41.7	13675
41.7	14379
41.7	14478
41.7	15280
41.7	15497
41.7	16828
41.7	16913
41.7	18567
41.7	18985
41.7	19367
41.7	20018
41.7	20330
41.7	20996
41.7	22201
41.7	22524
41.7	22672
41.7	22682
41.7	22786
41.7	22955
41.7	23539
41.8	337
41.8	516
41.8	930
41.8	1096
41.8	1364
41.8	1403
41.8	1955
41.8	2387
41.8	3197
41.8	4251
41.8	5097
41.8	6274
41.8	6781
41.8	7525
41.8	8284
41.8	8367
41.8	8750
41.8	9023
41.8	10747
41.8	11157
41.8	11404
41.8	13526
41.8	14477
41.8	15114
41.8	15671
41.8	16094
41.8	17841
41.8	18091
41.8	18120
41.8	18313
41.8	18412
41.8	18487
41.8	18535
41.8	18684
41.8	18859
41.8	19099
41.8	20270
41.8	20274
41.8	21923
41.8	21987
41.8	22574
41.8	22687
41.8	22764
41.8	23546
41.8	23583
41.8	23840
41.9	2024
41.9	2437
41.9	2473
41.9	2767
41.9	3073
41.9	3832
41.9	3893
41.9	4250
41.9	4740
41.9	5636
41.9	7011
41.9	7396
41.9	7540
41.9	7825
41.9	7944
41.9	8263
41.9	8418
41.9	8462
41.9	12091
41.9	12429
41.9	13070
41.9	13754
41.9	14965
41.9	15593
41.9	16202
41.9	18330
41.9	21452
41.9	21547
41.9	21816
41.9	21887
41.9	22131
41.9	22379
41.9	22425
41.9	22809
42	1132
42	1649
42	1943
42	2026
42	2268
42	3116
42	4910
42	5259
42	5453
42	5753
42	6255
42	6334
42	7141
42	10514
42	10958
42	11549
42	12359
42	13107
42	13227
42	13573
42	14529
42	16521
42	16652
42	16790
42	16889
42	17494
42	17875
42	18326
42	18359
42	18801
42	19699
42	21875
42	21928
42	23929
42	23982
42.1	117
42.1	218
42.1	809
42.1	1109
42.1	1307
42.1	1544
42.1	1769
42.1	1947
42.1	2420
42.1	2866
42.1	3915
42.1	4435
42.1	4714
42.1	4817
42.1	5046
42.1	6106
42.1	6869
42.1	8302
42.1	10249
42.1	12516
42.1	12701
42.1	14013
42.1	14574
42.1	16991
42.1	17062
42.1	17469
42.1	18045
42.1	18148
42.1	18902
42.1	19287
42.1	20984
42.1	20995
42.1	21224
42.1	23112
42.1	23526
42.1	23760
42.2	1310
42.2	2652
42.2	2696
42.2	2857
42.2	4359
42.2	6567
42.2	7462
42.2	7635
42.2	7761
42.2	8428
42.2	9131
42.2	9319
42.2	12052
42.2	12500
42.2	12797
42.2	13922
42.2	14167
42.2	14293
42.2	14978
42.2	15089
42.2	15267
42.2	15421
42.2	16049
42.2	16207
42.2	16702
42.2	17092
42.2	17265
42.2	17697
42.2	17945
42.2	18346
42.2	18723
42.2	19187
42.2	21300
42.2	21852
42.2	23836
42.3	99
42.3	214
42.3	260
42.3	440
42.3	450
42.3	1862
42.3	2451
42.3	2886
42.3	3212
42.3	3811
42.3	3932
42.3	4179
42.3	4633
42.3	4996
42.3	6386
42.3	6797
42.3	7693
42.3	8152
42.3	8444
42.3	10656
42.3	13330
42.3	14049
42.3	14855
42.3	16762
42.3	18018
42.3	18042
42.3	20602
42.3	21135
42.3	21265
42.3	22671
42.3	23700
42.4	506
42.4	1153
42.4	2389
42.4	6710
42.4	6919
42.4	7527
42.4	8170
42.4	8514
42.4	8561
42.4	9334
42.4	9950
42.4	10405
42.4	10778
42.4	10999
42.4	11648
42.4	13264
42.4	14024
42.4	14930
42.4	15059
42.4	16318
42.4	16770
42.4	19789
42.4	21336
42.4	23543
42.5	74
42.5	177
42.5	407
42.5	974
42.5	1931
42.5	2581
42.5	2902
42.5	4106
42.5	4618
42.5	4809
42.5	6201
42.5	8203
42.5	8473
42.5	9994
42.5	11219
42.5	11380
42.5	14631
42.5	15086
42.5	17575
42.5	18677
42.5	19610
42.5	20478
42.5	20582
42.5	21379
42.5	22485
42.5	23002
42.5	23418
42.6	1128
42.6	5594
42.6	6296
42.6	7688
42.6	8646
42.6	11513
42.6	12209
42.6	12361
42.6	14121
42.6	14171
42.6	15592
42.6	15987
42.6	17909
42.6	17916
42.6	18434
42.6	22200
42.6	22260
42.6	22494
42.6	22900
42.6	23589
42.7	4045
42.7	4384
42.7	4684
42.7	9252
42.7	9955
42.7	10548
42.7	11308
42.7	12062
42.7	13904
42.7	14381
42.7	14794
42.7	15851
42.7	15932
42.7	16242
42.7	19303
42.7	19952
42.7	21788
42.7	22747
42.7	22800
42.7	23601
42.8	1003
42.8	3377
42.8	3591
42.8	3654
42.8	5650
42.8	6203
42.8	6775
42.8	8679
42.8	10328
42.8	10655
42.8	13009
42.8	13173
42.8	13365
42.8	14619
42.8	14657
42.8	15396
42.8	15683
42.8	16478
42.8	16630
42.8	18920
42.8	19372
42.8	21615
42.8	23611
42.8	23759
42.8	23884
42.9	1215
42.9	1374
42.9	5533
42.9	6069
42.9	6509
42.9	7041
42.9	12816
42.9	15574
42.9	17534
42.9	18489
42.9	18893
42.9	21324
42.9	23652
42.9	23949
43	391
43	774
43	3315
43	3321
43	6141
43	8705
43	14701
43	15249
43	16264
43	17280
43	20026
43	20866
43	22013
43	22194
43	22897
43	23844
43.1	545
43.1	1682
43.1	3593
43.1	5309
43.1	6505
43.1	6570
43.1	7158
43.1	7716
43.1	8812
43.1	10825
43.1	12332
43.1	13670
43.1	14785
43.1	15462
43.1	16964
43.1	16983
43.1	17662
43.1	18486
43.1	19175
43.1	19393
43.1	19981
43.1	20223
43.1	20789
43.1	23618
43.2	2596
43.2	3400
43.2	4395
43.2	6025
43.2	11715
43.2	12296
43.2	14763
43.2	19355
43.3	62
43.3	363
43.3	449
43.3	726
43.3	3217
43.3	6222
43.3	6965
43.3	9675
43.3	9824
43.3	10515
43.3	12823
43.3	13515
43.3	18751
43.3	19731
43.3	20049
43.3	22406
43.3	23113
43.4	1009
43.4	1418
43.4	7738
43.4	8463
43.4	15379
43.4	16470
43.4	16501
43.4	17500
43.4	19136
43.4	22283
43.4	23586
43.5	29
43.5	231
43.5	410
43.5	1136
43.5	5283
43.5	8240
43.5	12637
43.5	16558
43.5	16814
43.5	16900
43.5	18602
43.5	19252
43.5	19817
43.5	20901
43.5	22096
43.6	472
43.6	1233
43.6	2508
43.6	2622
43.6	4425
43.6	6733
43.6	8137
43.6	8423
43.6	9592
43.6	14479
43.6	16219
43.6	17804
43.6	18549
43.6	19555
43.6	19976
43.6	21564
43.7	696
43.7	3270
43.7	4588
43.7	5728
43.7	7300
43.7	9387
43.7	9720
43.7	16001
43.7	17915
43.7	21634
43.8	91
43.8	1729
43.8	3141
43.8	9173
43.8	9578
43.8	16180
43.8	16467
43.8	19962
43.8	20209
43.8	20447
43.9	1454
43.9	4605
43.9	9739
43.9	10460
43.9	13440
43.9	14135
43.9	19951
43.9	21670
43.9	21781
43.9	22195
44	640
44	2960
44	5082
44	5162
44	7323
44	15353
44	17018
44.1	804
44.1	1345
44.1	4069
44.1	6992
44.1	7736
44.1	8254
44.1	9816
44.1	10636
44.1	11614
44.1	13319
44.1	14083
44.2	539
44.2	1468
44.2	8347
44.2	9006
44.2	10361
44.2	14975
44.3	607
44.3	8391
44.3	10428
44.3	18321
44.3	18790
44.3	18975
44.3	23951
44.3	23952
44.4	1983
44.4	5607
44.4	7522
44.4	7598
44.4	9008
44.4	11327
44.4	14471
44.4	15433
44.4	20881
44.5	675
44.5	4486
44.5	8009
44.5	10035
44.5	11600
44.5	12867
44.5	13190
44.5	13472
44.5	22438
44.6	1105
44.6	3484
44.6	5678
44.6	9286
44.6	11670
44.6	12781
44.6	13058
44.6	15341
44.6	17238
44.6	17471
44.7	6030
44.7	8501
44.7	11596
44.7	18912
44.7	21619
44.7	22119
44.7	23053
44.8	1238
44.8	5202
44.8	5560
44.8	6681
44.8	22553
44.9	10845
44.9	16267
44.9	16277
44.9	19700
44.9	21510
45	1343
45	4091
45	8855
45	12560
45	22662
45	22787
45.1	3165
45.1	4575
45.1	6943
45.1	6956
45.1	11147
45.1	16413
45.1	18262
45.1	18384
45.1	20676
45.2	20591
45.2	22427
45.2	23351
45.2	23392
45.2	23673
45.3	17382
45.3	18340
45.4	5272
45.4	22114
45.4	23105
45.5	3364
45.5	8927
45.5	10918
45.5	17547
45.5	18529
45.5	22951
45.5	23104
45.6	4624
45.6	9385
45.6	12786
45.6	13248
45.6	17297
45.6	23787
45.7	9329
45.7	14040
45.8	21879
45.9	5165
45.9	21108
46	1543
46	17443
46	17660
46.1	6601
46.1	10371
46.1	11947
46.1	20555
46.2	9250
46.2	10415
46.2	14786
46.3	2873
46.3	9476
46.3	11928
46.3	22729
46.4	3332
46.4	7575
46.4	14438
46.5	10241
46.5	11504
46.5	22138
46.6	13428
46.6	19116
46.6	23463
46.7	2904
46.8	21922
46.9	17436
46.9	23508
47	9606
47.1	19400
47.1	20087
47.1	22515
47.3	983
47.3	7647
47.3	18127
47.4	631
47.5	5805
47.5	15349
47.8	15057
47.9	5569
48	19087
48	23541
48.4	14608
49.3	7765
49.6	12335
50.6	16463
51.2	23530
