17.4	609
20.6	34
21.3	539
22.6	380
24.4	72
24.6	520
25.1	203
26.2	311
27.5	562
27.6	594
28.4	563
29.4	397
29.5	633
30	31
30.6	544
31.8	136
31.8	330
31.8	458
32.5	281
33	313
33.9	143
34	296
34.1	57
34.3	441
34.6	605
34.8	429
35.3	561
36	574
36	29644
36.6	577
36.7	230
37.7	417
38.3	87
39.2	1943
39.5	323
39.7	108
39.8	155
40	218
41.3	175
41.5	354
41.6	363
41.8	21230
41.8	27874
42.3	15622
42.6	7632
42.7	28042
43.1	13494
43.3	7462
43.5	614
43.6	385
44.6	6846
44.6	24614
44.7	6436
44.8	4491
45.1	314
45.3	450
45.3	9238
45.4	84
45.4	4782
45.4	19001
45.8	6781
45.9	9000
45.9	30051
46	83
46	476
46.1	14641
46.2	75
46.3	8173
46.6	20875
46.7	52
46.8	31212
47.1	31163
47.2	24857
47.3	21684
47.4	4295
47.4	25176
47.5	3966
47.6	2740
47.7	156
47.7	12819
47.8	5
47.8	590
47.8	2828
47.8	5618
47.8	31316
47.9	20826
47.9	22357
48.1	90
48.1	23327
48.2	522
48.3	3709
48.4	469
48.4	27480
48.5	460
48.5	7889
48.6	25394
48.6	26041
48.7	4610
48.7	19730
48.7	22132
48.8	29471
48.9	3129
49	21617
49.2	15200
49.2	30024
49.3	21007
49.5	7562
49.5	14344
49.6	985
49.8	15765
49.8	29037
50	18688
50	23330
50	31560
50.2	152
50.2	11668
50.2	17171
50.2	18350
50.4	13582
50.6	974
50.6	1085
50.7	116
50.7	2459
50.7	12323
50.8	3896
50.8	15987
51	188
51	1532
51	27112
51.1	18556
51.2	7966
51.2	28067
51.3	11117
51.3	13898
51.4	537
51.4	6349
51.4	20796
51.4	28822
51.4	30986
51.5	13185
51.5	29435
51.6	6368
51.7	173
51.7	239
51.7	288
51.7	18656
51.8	8487
51.9	629
51.9	13814
51.9	28103
51.9	30582
52	1350
52	9283
52	24364
52.1	2045
52.1	25253
52.1	29260
52.2	2651
52.2	3457
52.2	28079
52.3	2458
52.3	19972
52.4	8143
52.5	552
52.5	14574
52.5	17235
52.5	30789
52.5	31449
52.6	567
52.6	16912
52.6	17007
52.6	25590
52.6	27169
52.6	27439
52.7	5015
52.7	25988
52.7	27251
52.7	30859
52.8	2918
52.8	7732
52.8	8565
52.8	14083
52.8	25815
52.8	29105
52.9	14576
52.9	15935
52.9	27729
52.9	30856
53	1503
53	4986
53	23097
53.1	47
53.1	2586
53.1	2821
53.1	12569
53.2	2177
53.2	30228
53.3	14409
53.3	15129
53.3	26667
53.3	27831
53.3	30014
53.4	3177
53.4	4620
53.4	6036
53.5	478
53.5	7928
53.5	10690
53.5	18420
53.5	25696
53.6	16667
53.7	4781
53.7	13394
53.8	240
53.8	477
53.8	500
53.8	7439
53.8	16146
53.8	30575
53.9	4201
53.9	5528
53.9	18100
53.9	22008
53.9	30982
54	13641
54	31630
54.1	15130
54.1	24005
54.1	26929
54.2	238
54.2	4381
54.2	8777
54.2	11390
54.3	3910
54.3	14107
54.3	19397
54.3	21650
54.4	172
54.4	4537
54.4	7602
54.4	13656
54.4	13926
54.4	16538
54.4	18255
54.4	22874
54.4	22999
54.5	350
54.5	6007
54.5	27572
54.6	25
54.6	4930
54.6	24369
54.6	25935
54.6	26547
54.6	31648
54.7	1788
54.7	4724
54.7	13434
54.8	5743
54.8	8499
54.8	22651
54.8	24181
54.9	13740
54.9	15809
54.9	18056
54.9	23150
54.9	29196
55	9672
55	9988
55	10410
55	16696
55	24233
55	25308
55	29186
55.1	5090
55.1	9496
55.1	15833
55.1	30230
55.2	12239
55.2	16390
55.2	17260
55.2	23648
55.3	10013
55.3	13171
55.3	26092
55.3	28142
55.3	29204
55.4	142
55.4	565
55.4	1187
55.4	7431
55.4	7714
55.4	20350
55.4	23785
55.4	26738
55.5	12081
55.5	21518
55.5	25334
55.6	2567
55.6	8046
55.6	8687
55.7	5977
55.7	7578
55.7	12265
55.7	15520
55.7	22908
55.7	24266
55.7	28419
55.7	28450
55.7	30538
55.8	199
55.8	7895
55.8	13711
55.9	436
55.9	2859
55.9	5244
55.9	11540
55.9	16110
55.9	16980
55.9	23155
55.9	26338
55.9	30679
55.9	31804
56	943
56	1276
56	2002
56	3821
56	4315
56	19937
56	31646
56.1	3908
56.1	13573
56.1	14946
56.1	17041
56.1	22333
56.1	29148
56.2	2061
56.2	2145
56.2	4623
56.2	5542
56.2	8984
56.2	10292
56.2	12183
56.2	13652
56.2	14807
56.2	22228
56.2	24432
56.2	24592
56.2	26643
56.2	29273
56.2	31614
56.2	31914
56.3	369
56.3	5348
56.3	7916
56.3	10213
56.3	18170
56.3	24425
56.3	28559
56.3	29346
56.4	165
56.4	2389
56.4	3134
56.4	4110
56.4	6467
56.4	8757
56.4	14173
56.4	16726
56.4	17496
56.4	17860
56.4	20482
56.4	22063
56.4	25084
56.4	25961
56.4	27581
56.4	29042
56.5	1217
56.5	4746
56.5	5428
56.5	7690
56.5	9407
56.5	13075
56.5	18964
56.5	24609
56.5	30811
56.5	31634
56.5	31865
56.6	206
56.6	5765
56.6	6857
56.6	8825
56.6	10450
56.6	14207
56.6	18106
56.6	21673
56.6	23027
56.6	25014
56.6	30310
56.7	180
56.7	231
56.7	457
56.7	566
56.7	5721
56.7	6749
56.7	8674
56.7	9481
56.7	14070
56.7	18330
56.7	19218
56.7	31058
56.7	31861
56.8	402
56.8	1805
56.8	5414
56.8	10579
56.8	12170
56.8	12315
56.8	16649
56.8	30999
56.9	225
56.9	453
56.9	723
56.9	3370
56.9	5201
56.9	5477
56.9	5792
56.9	6306
56.9	6464
56.9	8114
56.9	12710
56.9	12903
56.9	16079
56.9	17149
56.9	27158
56.9	27954
57	5895
57	7681
57	20021
57	20141
57	20936
57	20993
57	21386
57	26560
57	26580
57	31803
57.1	60
57.1	232
57.1	2645
57.1	6868
57.1	11581
57.1	18730
57.1	18844
57.1	25383
57.1	27899
57.1	28070
57.1	29004
57.1	30612
57.2	4611
57.2	4813
57.2	5937
57.2	6658
57.2	6785
57.2	7394
57.2	11804
57.2	14629
57.2	15851
57.2	22180
57.2	25121
57.2	27039
57.2	27253
57.2	28735
57.2	29168
57.2	29937
57.2	30069
57.2	31946
57.3	1398
57.3	1597
57.3	1776
57.3	2557
57.3	4312
57.3	4418
57.3	5498
57.3	7060
57.3	11354
57.3	11542
57.3	14757
57.3	15880
57.3	16339
57.3	17017
57.3	17608
57.3	20528
57.3	24749
57.4	2088
57.4	2418
57.4	3208
57.4	4893
57.4	11266
57.4	13339
57.4	14216
57.4	19792
57.4	21065
57.4	21084
57.4	22737
57.4	28646
57.4	30858
57.5	1623
57.5	4198
57.5	4849
57.5	13115
57.5	14547
57.5	16118
57.5	16992
57.5	30382
57.5	31649
57.6	101
57.6	3739
57.6	4289
57.6	5164
57.6	12592
57.6	13448
57.6	13622
57.6	14284
57.6	14420
57.6	16979
57.6	17654
57.6	18151
57.6	28372
57.6	30076
57.7	533
57.7	5631
57.7	5741
57.7	6828
57.7	6912
57.7	7059
57.7	10405
57.7	11353
57.7	12417
57.7	13384
57.7	15209
57.7	15579
57.7	15681
57.7	16465
57.7	19006
57.7	22033
57.7	22378
57.7	26301
57.7	26358
57.7	26895
57.7	29230
57.7	29696
57.8	1889
57.8	1960
57.8	2738
57.8	4612
57.8	7130
57.8	7147
57.8	7883
57.8	9062
57.8	13044
57.8	14335
57.8	14378
57.8	14839
57.8	16596
57.8	16619
57.8	26458
57.8	29959
57.8	30928
57.8	31420
57.8	31778
57.8	31993
57.9	177
57.9	896
57.9	3580
57.9	4679
57.9	5347
57.9	5387
57.9	6837
57.9	10949
57.9	14794
57.9	15016
57.9	15928
57.9	17629
57.9	18672
57.9	20512
57.9	22189
57.9	25169
57.9	28585
58	2238
58	3109
58	4512
58	5215
58	5907
58	7401
58	8947
58	12487
58	15349
58	15891
58	16536
58	16889
58	18322
58	20761
58	20828
58	28415
58	29484
58.1	503
58.1	1651
58.1	1731
58.1	3120
58.1	3223
58.1	6187
58.1	6290
58.1	7601
58.1	7775
58.1	10576
58.1	10817
58.1	11439
58.1	11532
58.1	12112
58.1	14815
58.1	15726
58.1	18381
58.1	19809
58.1	19953
58.1	20471
58.1	22765
58.1	23311
58.1	23414
58.1	28349
58.1	28464
58.1	28976
58.1	29632
58.1	31878
58.2	538
58.2	1268
58.2	1576
58.2	2313
58.2	2442
58.2	3227
58.2	4336
58.2	13013
58.2	15202
58.2	17079
58.2	18717
58.2	18907
58.2	19414
58.2	19660
58.2	20056
58.2	23375
58.2	24561
58.2	25569
58.2	28470
58.2	29470
58.2	30072
58.3	312
58.3	1777
58.3	2172
58.3	2925
58.3	5140
58.3	7445
58.3	10802
58.3	12686
58.3	15000
58.3	15054
58.3	15071
58.3	15667
58.3	17154
58.3	19131
58.3	23613
58.3	27692
58.3	30531
58.4	285
58.4	396
58.4	1335
58.4	5016
58.4	5815
58.4	7121
58.4	8605
58.4	11521
58.4	11957
58.4	12442
58.4	12905
58.4	13230
58.4	14373
58.4	15143
58.4	17218
58.4	18377
58.4	18418
58.4	19944
58.4	20500
58.4	21822
58.4	22474
58.4	22852
58.4	23031
58.4	23279
58.4	23470
58.4	23839
58.4	23918
58.4	24434
58.4	24475
58.4	25206
58.4	26527
58.4	27065
58.4	27291
58.4	28269
58.4	29454
58.4	30854
58.5	927
58.5	4268
58.5	4357
58.5	5771
58.5	6534
58.5	7282
58.5	8007
58.5	8224
58.5	8776
58.5	13725
58.5	14006
58.5	16240
58.5	16474
58.5	19235
58.5	20928
58.5	22910
58.5	24441
58.5	27334
58.5	28871
58.5	30544
58.6	1722
58.6	1880
58.6	6121
58.6	7663
58.6	9393
58.6	9673
58.6	9867
58.6	10202
58.6	10443
58.6	10572
58.6	11270
58.6	12567
58.6	13362
58.6	13613
58.6	14395
58.6	15435
58.6	16328
58.6	16641
58.6	16757
58.6	19835
58.6	20155
58.6	20854
58.6	22148
58.6	27753
58.6	29100
58.6	29423
58.6	30398
58.7	237
58.7	406
58.7	2670
58.7	2834
58.7	3399
58.7	4389
58.7	4627
58.7	6675
58.7	7901
58.7	8838
58.7	8858
58.7	8930
58.7	9447
58.7	10051
58.7	10683
58.7	11277
58.7	11878
58.7	13587
58.7	13619
58.7	14423
58.7	15406
58.7	18083
58.7	18632
58.7	18772
58.7	23349
58.7	24184
58.7	24471
58.7	24688
58.7	25422
58.7	27830
58.7	31084
58.7	31338
58.7	31957
58.8	809
58.8	3322
58.8	6369
58.8	7017
58.8	7583
58.8	8832
58.8	9842
58.8	10841
58.8	11475
58.8	11587
58.8	12723
58.8	12775
58.8	12938
58.8	13108
58.8	14645
58.8	15941
58.8	17325
58.8	17637
58.8	17672
58.8	18136
58.8	18976
58.8	20235
58.8	20559
58.8	21010
58.8	21821
58.8	23910
58.8	24869
58.8	30921
58.8	31234
58.8	31314
58.9	141
58.9	618
58.9	2723
58.9	4251
58.9	5454
58.9	7257
58.9	8512
58.9	9488
58.9	11635
58.9	12479
58.9	13087
58.9	13453
58.9	13830
58.9	13989
58.9	19337
58.9	19362
58.9	20239
58.9	20502
58.9	20791
58.9	20894
58.9	22323
58.9	23164
58.9	24211
58.9	24368
58.9	24422
58.9	25733
58.9	26177
58.9	26776
58.9	28533
58.9	29415
58.9	29985
58.9	30462
59	1254
59	1561
59	2105
59	2366
59	4213
59	5518
59	6991
59	7630
59	8491
59	8610
59	9677
59	10897
59	12899
59	13647
59	13712
59	13937
59	15213
59	15966
59	17341
59	17602
59	19977
59	20174
59	20175
59	20988
59	21404
59	21724
59	21756
59	21781
59	22003
59	22273
59	22623
59	23142
59	23271
59	23773
59	25164
59	25404
59	25976
59	26482
59	26717
59	26741
59	29649
59	30323
59.1	707
59.1	2021
59.1	3317
59.1	6397
59.1	6974
59.1	8356
59.1	8501
59.1	10433
59.1	10745
59.1	10884
59.1	10989
59.1	14044
59.1	14334
59.1	15582
59.1	16159
59.1	16655
59.1	17110
59.1	17352
59.1	19372
59.1	20893
59.1	22932
59.1	23253
59.1	23287
59.1	25603
59.1	26375
59.1	26925
59.1	29094
59.1	30827
59.2	1202
59.2	2558
59.2	2761
59.2	2819
59.2	2887
59.2	3846
59.2	3879
59.2	5077
59.2	5204
59.2	5983
59.2	6449
59.2	6768
59.2	7207
59.2	7723
59.2	9016
59.2	9116
59.2	9903
59.2	10986
59.2	11206
59.2	11734
59.2	11927
59.2	13123
59.2	16233
59.2	17661
59.2	17912
59.2	18751
59.2	19011
59.2	20045
59.2	21613
59.2	22427
59.2	24587
59.2	25007
59.2	25083
59.2	26588
59.2	27028
59.2	30487
59.2	30541
59.2	31216
59.3	144
59.3	806
59.3	947
59.3	1650
59.3	3931
59.3	5083
59.3	5279
59.3	8158
59.3	8204
59.3	8347
59.3	9021
59.3	9898
59.3	10099
59.3	10460
59.3	11333
59.3	12311
59.3	12712
59.3	14622
59.3	16298
59.3	17233
59.3	18476
59.3	19221
59.3	19410
59.3	20581
59.3	20960
59.3	21457
59.3	21745
59.3	21774
59.3	21915
59.3	22652
59.3	22772
59.3	23354
59.3	23639
59.3	25452
59.3	25462
59.3	26485
59.3	26703
59.3	28244
59.3	28355
59.3	29651
59.3	29729
59.3	30824
59.3	31485
59.4	205
59.4	708
59.4	1011
59.4	2603
59.4	3010
59.4	5031
59.4	6015
59.4	6304
59.4	8541
59.4	8643
59.4	10230
59.4	10320
59.4	11450
59.4	11489
59.4	11882
59.4	15193
59.4	17127
59.4	17452
59.4	17891
59.4	17943
59.4	18639
59.4	24449
59.4	24573
59.4	25577
59.4	25613
59.4	26241
59.4	26352
59.4	26379
59.4	26565
59.4	26587
59.4	27147
59.4	27642
59.4	27799
59.4	27878
59.4	27904
59.4	29442
59.4	29935
59.4	30029
59.4	30788
59.4	31574
59.5	888
59.5	2473
59.5	2673
59.5	2907
59.5	3396
59.5	3749
59.5	4049
59.5	4487
59.5	5285
59.5	5939
59.5	6647
59.5	7464
59.5	8044
59.5	8154
59.5	8575
59.5	8791
59.5	8797
59.5	9514
59.5	10521
59.5	10839
59.5	12529
59.5	15201
59.5	16590
59.5	16809
59.5	17424
59.5	17840
59.5	18041
59.5	18244
59.5	18575
59.5	19133
59.5	19444
59.5	20781
59.5	20859
59.5	20978
59.5	21182
59.5	21516
59.5	22260
59.5	22978
59.5	24023
59.5	24797
59.5	25506
59.5	25736
59.5	25889
59.5	25938
59.5	26345
59.5	26639
59.5	27446
59.5	28873
59.5	29960
59.5	30502
59.5	31219
59.6	64
59.6	1657
59.6	2280
59.6	2625
59.6	2772
59.6	3497
59.6	3828
59.6	5214
59.6	5510
59.6	5847
59.6	7482
59.6	7926
59.6	8226
59.6	9348
59.6	9703
59.6	10008
59.6	10179
59.6	10681
59.6	10682
59.6	11301
59.6	11675
59.6	11811
59.6	13000
59.6	13261
59.6	13698
59.6	14442
59.6	16850
59.6	17440
59.6	18384
59.6	18636
59.6	19100
59.6	19971
59.6	20945
59.6	21450
59.6	22465
59.6	22649
59.6	23231
59.6	23560
59.6	23620
59.6	24407
59.6	25891
59.6	26532
59.6	26638
59.6	27403
59.6	27550
59.6	27570
59.6	27646
59.6	29047
59.6	29923
59.7	504
59.7	2029
59.7	2506
59.7	2524
59.7	2536
59.7	3125
59.7	3817
59.7	4048
59.7	4989
59.7	5957
59.7	9262
59.7	9265
59.7	9866
59.7	10860
59.7	11006
59.7	11250
59.7	11683
59.7	12017
59.7	12635
59.7	13798
59.7	13887
59.7	14100
59.7	14468
59.7	14778
59.7	14943
59.7	17067
59.7	19676
59.7	20561
59.7	20897
59.7	21834
59.7	21845
59.7	21855
59.7	21901
59.7	22992
59.7	23067
59.7	23606
59.7	23818
59.7	24548
59.7	24990
59.7	25978
59.7	26096
59.7	26410
59.7	27337
59.7	28039
59.7	29605
59.7	29829
59.7	29862
59.7	30245
59.7	30485
59.7	30665
59.7	31310
59.7	31352
59.7	31581
59.8	355
59.8	689
59.8	1211
59.8	4479
59.8	4703
59.8	5388
59.8	5539
59.8	6190
59.8	6360
59.8	7300
59.8	7715
59.8	8729
59.8	9270
59.8	9378
59.8	10166
59.8	11001
59.8	11338
59.8	12200
59.8	12388
59.8	12947
59.8	13315
59.8	14078
59.8	14648
59.8	14887
59.8	14944
59.8	15258
59.8	15733
59.8	16345
59.8	17576
59.8	18139
59.8	20182
59.8	20513
59.8	21077
59.8	21260
59.8	21540
59.8	21738
59.8	22306
59.8	22457
59.8	23227
59.8	23772
59.8	23926
59.8	23987
59.8	25040
59.8	26144
59.8	26626
59.8	27822
59.8	28097
59.8	31618
59.9	163
59.9	336
59.9	1462
59.9	1733
59.9	2155
59.9	2428
59.9	3242
59.9	5413
59.9	5591
59.9	6478
59.9	7982
59.9	8915
59.9	10573
59.9	10704
59.9	10832
59.9	11034
59.9	11182
59.9	11400
59.9	12941
59.9	13107
59.9	14065
59.9	14841
59.9	15118
59.9	15817
59.9	16323
59.9	16335
59.9	16888
59.9	16932
59.9	17073
59.9	17400
59.9	17856
59.9	18490
59.9	18930
59.9	19322
59.9	19769
59.9	20714
59.9	20836
59.9	21938
59.9	21972
59.9	22022
59.9	22389
59.9	23593
59.9	24690
59.9	25857
59.9	26048
59.9	26057
59.9	26974
59.9	27631
59.9	27741
59.9	27938
59.9	28116
59.9	28614
59.9	28676
59.9	28683
59.9	29038
59.9	29163
59.9	29768
59.9	30392
59.9	30861
59.9	31186
59.9	31367
59.9	31842
60	208
60	349
60	381
60	433
60	488
60	962
60	963
60	964
60	2101
60	2191
60	2301
60	3164
60	3239
60	3996
60	5029
60	5336
60	5400
60	5666
60	6159
60	6939
60	8746
60	9234
60	9945
60	10241
60	10679
60	10836
60	11211
60	11303
60	12791
60	13381
60	13506
60	13575
60	13812
60	15548
60	16669
60	16941
60	17148
60	17592
60	17934
60	18338
60	18589
60	19371
60	19781
60	20448
60	21210
60	21584
60	21950
60	22497
60	22526
60	23104
60	24337
60	24838
60	25155
60	25476
60	26038
60	26349
60	26641
60	26828
60	27145
60	27279
60	29147
60	31050
60	31185
60	31729
60	31982
60.1	1596
60.1	2788
60.1	3898
60.1	4609
60.1	4867
60.1	4963
60.1	5253
60.1	5339
60.1	6889
60.1	7129
60.1	7225
60.1	9311
60.1	9759
60.1	9829
60.1	10109
60.1	10231
60.1	11025
60.1	11026
60.1	11264
60.1	11638
60.1	11807
60.1	11845
60.1	12212
60.1	13184
60.1	13458
60.1	13600
60.1	13610
60.1	13922
60.1	14582
60.1	14682
60.1	14694
60.1	15276
60.1	15510
60.1	15607
60.1	15805
60.1	16005
60.1	16533
60.1	16811
60.1	16844
60.1	16911
60.1	17873
60.1	18784
60.1	20420
60.1	20612
60.1	21903
60.1	21956
60.1	22285
60.1	23018
60.1	23050
60.1	23220
60.1	25052
60.1	25412
60.1	25839
60.1	25974
60.1	26343
60.1	26431
60.1	27610
60.1	28077
60.1	28351
60.1	28985
60.1	30126
60.2	1190
60.2	1315
60.2	2730
60.2	4054
60.2	4117
60.2	4673
60.2	6028
60.2	6076
60.2	6084
60.2	6224
60.2	6324
60.2	6345
60.2	6765
60.2	7534
60.2	8156
60.2	8348
60.2	9318
60.2	9471
60.2	9587
60.2	9804
60.2	10023
60.2	10171
60.2	10528
60.2	10991
60.2	12792
60.2	12857
60.2	12991
60.2	13053
60.2	13246
60.2	13551
60.2	14305
60.2	14591
60.2	14672
60.2	16428
60.2	16766
60.2	16769
60.2	16890
60.2	17224
60.2	17385
60.2	18004
60.2	18162
60.2	20138
60.2	21216
60.2	21463
60.2	21968
60.2	22101
60.2	22885
60.2	22912
60.2	23278
60.2	24375
60.2	24467
60.2	24822
60.2	25031
60.2	25416
60.2	26331
60.2	26498
60.2	26832
60.2	26885
60.2	27250
60.2	27420
60.2	27432
60.2	27675
60.2	27816
60.2	27945
60.2	28000
60.2	28277
60.2	28431
60.2	28688
60.2	28909
60.2	28972
60.2	29577
60.2	29852
60.2	30990
60.2	31709
60.2	31746
60.2	31779
60.3	119
60.3	167
60.3	251
60.3	388
60.3	625
60.3	992
60.3	3118
60.3	3155
60.3	3530
60.3	3653
60.3	3765
60.3	4783
60.3	4974
60.3	5013
60.3	5319
60.3	5363
60.3	5492
60.3	5668
60.3	5747
60.3	5932
60.3	6258
60.3	7552
60.3	8072
60.3	9993
60.3	10504
60.3	10545
60.3	11892
60.3	12152
60.3	13210
60.3	13968
60.3	14772
60.3	14915
60.3	15040
60.3	15447
60.3	15709
60.3	15922
60.3	16381
60.3	16956
60.3	17392
60.3	17485
60.3	18093
60.3	18174
60.3	18461
60.3	18539
60.3	19321
60.3	19740
60.3	19789
60.3	20415
60.3	20957
60.3	22314
60.3	23545
60.3	23814
60.3	24585
60.3	25948
60.3	26490
60.3	26772
60.3	27805
60.3	28234
60.3	28609
60.3	29494
60.3	29565
60.3	30937
60.4	1729
60.4	2332
60.4	2808
60.4	3193
60.4	3773
60.4	5135
60.4	5475
60.4	5866
60.4	6907
60.4	6927
60.4	7031
60.4	7150
60.4	7549
60.4	7589
60.4	7598
60.4	7897
60.4	9057
60.4	9325
60.4	10058
60.4	10564
60.4	10722
60.4	10825
60.4	11365
60.4	11427
60.4	11494
60.4	11829
60.4	11864
60.4	11950
60.4	11983
60.4	12322
60.4	12742
60.4	13150
60.4	13708
60.4	13874
60.4	13928
60.4	14032
60.4	14464
60.4	14872
60.4	14993
60.4	15669
60.4	16913
60.4	17376
60.4	17632
60.4	17765
60.4	18294
60.4	18514
60.4	18761
60.4	19348
60.4	19671
60.4	19727
60.4	20008
60.4	21478
60.4	21585
60.4	21591
60.4	21592
60.4	22532
60.4	23088
60.4	24826
60.4	25744
60.4	25991
60.4	26848
60.4	27240
60.4	27324
60.4	28044
60.4	28184
60.4	28216
60.4	28341
60.4	28809
60.4	29198
60.4	29200
60.4	29493
60.4	30031
60.4	31466
60.4	31478
60.4	31514
60.5	54
60.5	412
60.5	717
60.5	2107
60.5	3756
60.5	4504
60.5	4555
60.5	4705
60.5	6708
60.5	6870
60.5	6925
60.5	7102
60.5	7434
60.5	8008
60.5	8506
60.5	9028
60.5	9603
60.5	10488
60.5	10547
60.5	10656
60.5	10779
60.5	10952
60.5	11176
60.5	11481
60.5	11870
60.5	11972
60.5	12167
60.5	12325
60.5	12401
60.5	12467
60.5	12641
60.5	13092
60.5	13190
60.5	13556
60.5	14152
60.5	14186
60.5	14796
60.5	15013
60.5	15148
60.5	15305
60.5	15343
60.5	15452
60.5	15550
60.5	16243
60.5	17604
60.5	17889
60.5	18199
60.5	19148
60.5	20047
60.5	20340
60.5	20550
60.5	20677
60.5	20724
60.5	23057
60.5	23966
60.5	24527
60.5	24558
60.5	25767
60.5	26126
60.5	26139
60.5	26336
60.5	26493
60.5	27075
60.5	27132
60.5	27262
60.5	27663
60.5	27712
60.5	27775
60.5	28901
60.5	29365
60.5	30121
60.5	30427
60.5	31869
60.6	117
60.6	127
60.6	512
60.6	742
60.6	4130
60.6	4242
60.6	4260
60.6	4345
60.6	4886
60.6	5234
60.6	5982
60.6	6309
60.6	7773
60.6	7922
60.6	8079
60.6	8733
60.6	9335
60.6	10224
60.6	10474
60.6	10905
60.6	10979
60.6	11151
60.6	12042
60.6	12127
60.6	12846
60.6	12956
60.6	13415
60.6	13868
60.6	14076
60.6	14382
60.6	14538
60.6	14768
60.6	14974
60.6	16273
60.6	16414
60.6	16426
60.6	16443
60.6	16453
60.6	17588
60.6	18483
60.6	18686
60.6	19241
60.6	19484
60.6	19702
60.6	20055
60.6	20219
60.6	20555
60.6	20627
60.6	20693
60.6	20754
60.6	20944
60.6	21788
60.6	22700
60.6	22940
60.6	23066
60.6	23146
60.6	23555
60.6	23677
60.6	23970
60.6	25335
60.6	25403
60.6	25423
60.6	25527
60.6	25913
60.6	26408
60.6	26502
60.6	26610
60.6	26700
60.6	27360
60.6	27549
60.6	28124
60.6	28242
60.6	28610
60.6	28655
60.6	28924
60.6	29261
60.6	29360
60.6	29803
60.6	30130
60.6	30660
60.6	31256
60.6	31353
60.6	31666
60.6	31859
60.6	31915
60.7	261
60.7	1459
60.7	1658
60.7	1915
60.7	2337
60.7	2642
60.7	3513
60.7	4086
60.7	4341
60.7	4547
60.7	4674
60.7	4853
60.7	4987
60.7	5483
60.7	5682
60.7	6423
60.7	6881
60.7	7267
60.7	7455
60.7	7585
60.7	7710
60.7	7826
60.7	8074
60.7	8503
60.7	8540
60.7	8639
60.7	9786
60.7	9999
60.7	10146
60.7	10600
60.7	10814
60.7	11054
60.7	11077
60.7	11106
60.7	11291
60.7	11589
60.7	12251
60.7	12443
60.7	12474
60.7	12823
60.7	14289
60.7	14719
60.7	14790
60.7	15455
60.7	15516
60.7	15706
60.7	17016
60.7	17150
60.7	19270
60.7	19316
60.7	19703
60.7	20068
60.7	20324
60.7	20467
60.7	21052
60.7	22383
60.7	22393
60.7	22751
60.7	22863
60.7	23087
60.7	23487
60.7	23973
60.7	24174
60.7	24240
60.7	24512
60.7	24980
60.7	26004
60.7	26219
60.7	26262
60.7	27110
60.7	27616
60.7	27896
60.7	27907
60.7	29071
60.7	29413
60.7	29772
60.7	30095
60.7	30352
60.7	30368
60.7	31109
60.7	31120
60.7	31215
60.7	31443
60.8	897
60.8	1770
60.8	1773
60.8	1916
60.8	1941
60.8	2261
60.8	2305
60.8	2553
60.8	2582
60.8	3114
60.8	3232
60.8	3294
60.8	3843
60.8	4416
60.8	4476
60.8	5046
60.8	5254
60.8	5271
60.8	5393
60.8	6496
60.8	6566
60.8	6571
60.8	6797
60.8	7166
60.8	8077
60.8	8280
60.8	8907
60.8	8967
60.8	9113
60.8	10216
60.8	10590
60.8	11046
60.8	11470
60.8	11583
60.8	11661
60.8	11979
60.8	12005
60.8	12041
60.8	12477
60.8	13003
60.8	13252
60.8	13683
60.8	13758
60.8	14094
60.8	14158
60.8	14400
60.8	14418
60.8	14502
60.8	15769
60.8	16366
60.8	16578
60.8	16678
60.8	17024
60.8	17416
60.8	17749
60.8	17871
60.8	18458
60.8	18502
60.8	19737
60.8	19918
60.8	20402
60.8	21179
60.8	21796
60.8	22320
60.8	23016
60.8	23101
60.8	23418
60.8	23504
60.8	24049
60.8	24740
60.8	25110
60.8	25665
60.8	26208
60.8	26600
60.8	26858
60.8	26900
60.8	27704
60.8	28062
60.8	28358
60.8	28434
60.8	28448
60.8	28535
60.8	28747
60.8	29036
60.8	29104
60.8	29165
60.8	29169
60.8	29757
60.8	30180
60.8	30264
60.8	30287
60.8	30370
60.8	30479
60.8	30739
60.8	31720
60.8	31831
60.9	1498
60.9	1765
60.9	1967
60.9	2413
60.9	3893
60.9	4791
60.9	5040
60.9	5047
60.9	5070
60.9	5206
60.9	5925
60.9	5969
60.9	6273
60.9	7460
60.9	7970
60.9	8449
60.9	9295
60.9	9689
60.9	9825
60.9	9918
60.9	10112
60.9	10566
60.9	11617
60.9	11621
60.9	11928
60.9	11981
60.9	12086
60.9	12549
60.9	12745
60.9	12953
60.9	13112
60.9	13527
60.9	13754
60.9	14287
60.9	14295
60.9	14443
60.9	14640
60.9	14834
60.9	15112
60.9	15206
60.9	16069
60.9	16209
60.9	16310
60.9	16473
60.9	16597
60.9	16958
60.9	17091
60.9	17128
60.9	17483
60.9	17583
60.9	17657
60.9	17670
60.9	18044
60.9	18248
60.9	18304
60.9	18990
60.9	19477
60.9	19653
60.9	20354
60.9	20446
60.9	20710
60.9	21528
60.9	22025
60.9	22167
60.9	22504
60.9	22732
60.9	23013
60.9	23140
60.9	23405
60.9	23511
60.9	23543
60.9	23624
60.9	23675
60.9	23937
60.9	24217
60.9	24346
60.9	24409
60.9	24792
60.9	25277
60.9	25278
60.9	25987
60.9	26165
60.9	27413
60.9	27431
60.9	27551
60.9	27653
60.9	28132
60.9	28283
60.9	28286
60.9	29101
60.9	29103
60.9	29728
60.9	29834
60.9	29836
60.9	31039
60.9	31295
60.9	31944
61	15
61	111
61	741
61	916
61	1516
61	1991
61	2109
61	2133
61	2443
61	3044
61	3277
61	3813
61	3973
61	5394
61	5537
61	6485
61	6538
61	6992
61	7988
61	8093
61	8385
61	8486
61	9027
61	9102
61	9966
61	10149
61	10366
61	10751
61	11125
61	11630
61	11941
61	12082
61	12284
61	13314
61	13951
61	13999
61	14220
61	14375
61	14661
61	16308
61	16770
61	16858
61	17157
61	17589
61	17595
61	17708
61	17821
61	18931
61	19009
61	19035
61	19198
61	19265
61	19632
61	19920
61	20542
61	22080
61	22554
61	23481
61	24545
61	25037
61	25195
61	25219
61	25262
61	26520
61	26855
61	26931
61	27709
61	28620
61	29672
61	30317
61	30879
61	30943
61	31057
61	31135
61	31265
61	31313
61	31588
61	31784
61.1	58
61.1	615
61.1	693
61.1	826
61.1	1505
61.1	1621
61.1	2669
61.1	2681
61.1	3552
61.1	3569
61.1	3803
61.1	3962
61.1	4057
61.1	4079
61.1	4569
61.1	4876
61.1	5378
61.1	5404
61.1	6782
61.1	6978
61.1	7596
61.1	7688
61.1	8683
61.1	8905
61.1	8937
61.1	9404
61.1	10399
61.1	11036
61.1	11273
61.1	11499
61.1	11531
61.1	12803
61.1	13298
61.1	13373
61.1	13706
61.1	14246
61.1	14499
61.1	14876
61.1	15063
61.1	15084
61.1	15282
61.1	16117
61.1	16504
61.1	16751
61.1	16943
61.1	17130
61.1	17286
61.1	17522
61.1	17855
61.1	17988
61.1	18187
61.1	18370
61.1	20658
61.1	20674
61.1	21702
61.1	21804
61.1	22580
61.1	22714
61.1	22794
61.1	22896
61.1	22931
61.1	23484
61.1	23528
61.1	23824
61.1	24278
61.1	24365
61.1	24387
61.1	25016
61.1	25163
61.1	25735
61.1	26267
61.1	26360
61.1	26564
61.1	27133
61.1	27340
61.1	27485
61.1	28225
61.1	28896
61.1	28962
61.1	29345
61.1	29444
61.1	29943
61.1	30914
61.1	30962
61.1	31072
61.1	31169
61.1	31396
61.2	138
61.2	162
61.2	421
61.2	1670
61.2	3196
61.2	3267
61.2	3291
61.2	3305
61.2	3348
61.2	3436
61.2	3884
61.2	3901
61.2	3952
61.2	4076
61.2	4087
61.2	4907
61.2	5003
61.2	5275
61.2	5344
61.2	6031
61.2	6422
61.2	6851
61.2	6989
61.2	8327
61.2	8669
61.2	10091
61.2	10106
61.2	10214
61.2	12788
61.2	13229
61.2	13589
61.2	13979
61.2	14060
61.2	14370
61.2	15055
61.2	15474
61.2	15699
61.2	16193
61.2	17232
61.2	17255
61.2	17540
61.2	18841
61.2	19152
61.2	19276
61.2	19333
61.2	19759
61.2	19905
61.2	20207
61.2	21218
61.2	21254
61.2	21322
61.2	21409
61.2	21900
61.2	23214
61.2	23574
61.2	24414
61.2	25046
61.2	25841
61.2	25892
61.2	26473
61.2	26519
61.2	26549
61.2	26723
61.2	26727
61.2	26945
61.2	27037
61.2	27281
61.2	27436
61.2	27518
61.2	27723
61.2	28338
61.2	28530
61.2	28741
61.2	28793
61.2	28981
61.2	30810
61.2	31348
61.2	31919
61.3	28
61.3	254
61.3	1193
61.3	1757
61.3	1826
61.3	2345
61.3	2471
61.3	2886
61.3	3517
61.3	3915
61.3	3919
61.3	5162
61.3	6093
61.3	6342
61.3	7151
61.3	7294
61.3	8273
61.3	8392
61.3	8505
61.3	8573
61.3	8970
61.3	8990
61.3	9469
61.3	9785
61.3	9972
61.3	10577
61.3	11444
61.3	11546
61.3	11781
61.3	12177
61.3	12377
61.3	12705
61.3	12976
61.3	13019
61.3	13125
61.3	13631
61.3	13957
61.3	14102
61.3	14918
61.3	14981
61.3	15522
61.3	17167
61.3	17270
61.3	17474
61.3	17697
61.3	18198
61.3	18347
61.3	18529
61.3	18703
61.3	19294
61.3	19302
61.3	20176
61.3	20630
61.3	21784
61.3	22455
61.3	22550
61.3	23223
61.3	23256
61.3	24008
61.3	24129
61.3	24865
61.3	26357
61.3	26423
61.3	26435
61.3	26489
61.3	26877
61.3	27206
61.3	27787
61.3	28365
61.3	28637
61.3	28660
61.3	28714
61.3	29499
61.3	30650
61.3	31285
61.3	31808
61.3	31910
61.4	105
61.4	690
61.4	784
61.4	851
61.4	1768
61.4	2979
61.4	3234
61.4	3745
61.4	4589
61.4	5406
61.4	5688
61.4	5846
61.4	6359
61.4	6386
61.4	7011
61.4	7092
61.4	7162
61.4	7547
61.4	8193
61.4	8670
61.4	9148
61.4	9209
61.4	9419
61.4	9878
61.4	10050
61.4	10157
61.4	10555
61.4	10617
61.4	11484
61.4	11557
61.4	11665
61.4	11874
61.4	12632
61.4	13007
61.4	13060
61.4	13848
61.4	14278
61.4	14451
61.4	14658
61.4	14746
61.4	15113
61.4	15246
61.4	15732
61.4	15896
61.4	16007
61.4	16228
61.4	16747
61.4	17056
61.4	17301
61.4	17555
61.4	18157
61.4	18540
61.4	18684
61.4	18864
61.4	19247
61.4	20240
61.4	20588
61.4	21264
61.4	21309
61.4	22059
61.4	22302
61.4	23447
61.4	23687
61.4	23716
61.4	24418
61.4	24885
61.4	25080
61.4	25355
61.4	25628
61.4	25753
61.4	25755
61.4	26544
61.4	27168
61.4	27256
61.4	27287
61.4	27345
61.4	27894
61.4	28085
61.4	28251
61.4	28534
61.4	28768
61.4	29190
61.4	29845
61.4	29948
61.4	30841
61.4	31100
61.4	31144
61.4	31607
61.4	31748
61.5	511
61.5	514
61.5	642
61.5	1573
61.5	1840
61.5	2158
61.5	2243
61.5	2257
61.5	2684
61.5	2911
61.5	3016
61.5	3216
61.5	3381
61.5	3747
61.5	4730
61.5	4780
61.5	5038
61.5	5389
61.5	5560
61.5	5686
61.5	5696
61.5	5885
61.5	6012
61.5	6125
61.5	6221
61.5	6276
61.5	6614
61.5	6654
61.5	6679
61.5	6736
61.5	7080
61.5	7158
61.5	7174
61.5	7209
61.5	7362
61.5	8064
61.5	8678
61.5	8756
61.5	8829
61.5	9175
61.5	9585
61.5	10169
61.5	11420
61.5	12577
61.5	12955
61.5	13465
61.5	14859
61.5	15121
61.5	15601
61.5	15823
61.5	16587
61.5	16657
61.5	16864
61.5	17322
61.5	17351
61.5	17990
61.5	19503
61.5	19765
61.5	19885
61.5	20273
61.5	20375
61.5	21629
61.5	21630
61.5	21996
61.5	22461
61.5	23983
61.5	24003
61.5	24463
61.5	24931
61.5	24968
61.5	25220
61.5	25631
61.5	26140
61.5	26246
61.5	26429
61.5	26542
61.5	26595
61.5	27464
61.5	28171
61.5	29498
61.5	29828
61.5	29908
61.5	30865
61.5	31349
61.5	31643
61.5	31819
61.6	259
61.6	1024
61.6	1351
61.6	1903
61.6	2228
61.6	2470
61.6	2958
61.6	3614
61.6	4071
61.6	4106
61.6	4444
61.6	4685
61.6	5270
61.6	6129
61.6	6239
61.6	6271
61.6	6520
61.6	7107
61.6	7187
61.6	7226
61.6	7397
61.6	7761
61.6	7830
61.6	7859
61.6	8496
61.6	9219
61.6	9435
61.6	9856
61.6	10068
61.6	10927
61.6	11616
61.6	11773
61.6	12007
61.6	12040
61.6	12261
61.6	12607
61.6	13074
61.6	13734
61.6	13881
61.6	15029
61.6	15296
61.6	16058
61.6	16072
61.6	16691
61.6	17362
61.6	17768
61.6	17770
61.6	17924
61.6	19212
61.6	20037
61.6	20185
61.6	20504
61.6	21647
61.6	21787
61.6	23116
61.6	23178
61.6	23309
61.6	24403
61.6	24951
61.6	25003
61.6	25021
61.6	25024
61.6	25624
61.6	25694
61.6	25838
61.6	26701
61.6	26978
61.6	29521
61.6	29600
61.6	29775
61.6	29884
61.6	30632
61.6	30971
61.6	31034
61.6	31143
61.7	779
61.7	1023
61.7	1109
61.7	1191
61.7	1655
61.7	1789
61.7	2963
61.7	3170
61.7	3445
61.7	3686
61.7	4002
61.7	4770
61.7	5582
61.7	6344
61.7	6390
61.7	6457
61.7	6692
61.7	7211
61.7	7303
61.7	7485
61.7	8548
61.7	8644
61.7	8804
61.7	8852
61.7	8903
61.7	9463
61.7	9771
61.7	9884
61.7	10084
61.7	10575
61.7	11430
61.7	12047
61.7	12349
61.7	12426
61.7	12464
61.7	12951
61.7	13405
61.7	13688
61.7	14491
61.7	14495
61.7	14673
61.7	14931
61.7	15797
61.7	16061
61.7	16204
61.7	16836
61.7	17199
61.7	17371
61.7	17384
61.7	17853
61.7	18040
61.7	18273
61.7	18494
61.7	18668
61.7	19487
61.7	19583
61.7	19607
61.7	21420
61.7	21991
61.7	22396
61.7	22448
61.7	22907
61.7	23643
61.7	24787
61.7	25300
61.7	27428
61.7	27837
61.7	28305
61.7	28445
61.7	28742
61.7	28892
61.7	29392
61.7	29677
61.7	30198
61.7	31354
61.7	31521
61.8	66
61.8	273
61.8	635
61.8	1145
61.8	2078
61.8	3158
61.8	3845
61.8	4142
61.8	4560
61.8	5258
61.8	5564
61.8	5728
61.8	5842
61.8	6000
61.8	6256
61.8	6282
61.8	6516
61.8	6682
61.8	7250
61.8	7477
61.8	8090
61.8	8638
61.8	9157
61.8	9862
61.8	10526
61.8	11890
61.8	11952
61.8	12241
61.8	13186
61.8	13305
61.8	13474
61.8	13612
61.8	13971
61.8	14475
61.8	14675
61.8	15493
61.8	15979
61.8	16102
61.8	16449
61.8	16556
61.8	16748
61.8	17741
61.8	18064
61.8	18492
61.8	19126
61.8	20541
61.8	20660
61.8	20756
61.8	21233
61.8	21612
61.8	22340
61.8	22956
61.8	23524
61.8	23794
61.8	23825
61.8	25082
61.8	25182
61.8	25451
61.8	26138
61.8	26874
61.8	26914
61.8	27316
61.8	27606
61.8	27797
61.8	28052
61.8	28382
61.8	28663
61.8	29744
61.8	29764
61.8	30168
61.8	31041
61.8	31201
61.8	31290
61.9	80
61.9	190
61.9	1052
61.9	1340
61.9	1391
61.9	1848
61.9	1867
61.9	1894
61.9	1900
61.9	1902
61.9	2084
61.9	2143
61.9	2404
61.9	2513
61.9	2580
61.9	3675
61.9	4717
61.9	4786
61.9	4948
61.9	6855
61.9	7047
61.9	7277
61.9	7427
61.9	7796
61.9	8023
61.9	8202
61.9	8339
61.9	8988
61.9	9320
61.9	9635
61.9	9872
61.9	10334
61.9	10838
61.9	11178
61.9	11269
61.9	11666
61.9	11761
61.9	11814
61.9	12502
61.9	13032
61.9	14303
61.9	15041
61.9	15486
61.9	15743
61.9	15914
61.9	16304
61.9	16754
61.9	17332
61.9	17472
61.9	17487
61.9	18597
61.9	18624
61.9	18745
61.9	19232
61.9	19480
61.9	20210
61.9	21042
61.9	21296
61.9	21544
61.9	22868
61.9	22994
61.9	23451
61.9	24153
61.9	24292
61.9	24528
61.9	24650
61.9	24782
61.9	25322
61.9	25566
61.9	25909
61.9	26421
61.9	26563
61.9	26886
61.9	27611
61.9	28256
61.9	28699
61.9	29366
61.9	30043
61.9	30091
61.9	30654
61.9	30744
61.9	31415
61.9	31750
62	941
62	965
62	1142
62	1620
62	2183
62	2339
62	2667
62	2672
62	2783
62	3779
62	3943
62	4452
62	4950
62	5166
62	5566
62	6060
62	6219
62	7140
62	7217
62	7387
62	8423
62	8607
62	9394
62	10144
62	10253
62	10734
62	11066
62	11158
62	11385
62	11416
62	11956
62	12616
62	13430
62	13523
62	13958
62	14250
62	14277
62	15659
62	15773
62	16662
62	17092
62	17682
62	17944
62	17975
62	18059
62	18238
62	18472
62	18855
62	19145
62	19514
62	19963
62	20883
62	21025
62	21070
62	21221
62	21232
62	22012
62	22835
62	23812
62	23960
62	25065
62	25180
62	25448
62	25516
62	25807
62	25859
62	27553
62	27667
62	28178
62	28425
62	28458
62	29448
62	29758
62	30202
62	30684
62	31383
62.1	244
62.1	507
62.1	620
62.1	671
62.1	705
62.1	828
62.1	940
62.1	1079
62.1	2051
62.1	2511
62.1	2766
62.1	3323
62.1	3597
62.1	4593
62.1	4601
62.1	4668
62.1	4796
62.1	5002
62.1	5147
62.1	6029
62.1	6096
62.1	6717
62.1	7852
62.1	7917
62.1	8101
62.1	8324
62.1	8402
62.1	8525
62.1	8582
62.1	8660
62.1	8965
62.1	9107
62.1	9144
62.1	9250
62.1	9286
62.1	10056
62.1	11658
62.1	11851
62.1	12488
62.1	14364
62.1	14800
62.1	15870
62.1	15933
62.1	17134
62.1	17214
62.1	17643
62.1	17838
62.1	17861
62.1	18193
62.1	18537
62.1	18606
62.1	19012
62.1	19761
62.1	20645
62.1	21559
62.1	21590
62.1	21737
62.1	22179
62.1	22683
62.1	22827
62.1	23141
62.1	23200
62.1	23689
62.1	23915
62.1	24689
62.1	25212
62.1	25618
62.1	25929
62.1	26213
62.1	26250
62.1	26291
62.1	26794
62.1	26943
62.1	27447
62.1	27588
62.1	27669
62.1	28942
62.1	29255
62.1	29284
62.1	29331
62.1	29339
62.1	30105
62.1	30321
62.1	30857
62.1	30881
62.1	31048
62.1	31730
62.1	31758
62.1	31774
62.2	322
62.2	465
62.2	1092
62.2	1290
62.2	1314
62.2	1385
62.2	1420
62.2	2481
62.2	2746
62.2	4449
62.2	5176
62.2	5734
62.2	6218
62.2	6377
62.2	6381
62.2	6482
62.2	6532
62.2	6752
62.2	7368
62.2	7379
62.2	7566
62.2	7644
62.2	8059
62.2	8166
62.2	8198
62.2	8530
62.2	8960
62.2	10977
62.2	11379
62.2	11480
62.2	11699
62.2	12868
62.2	13130
62.2	13180
62.2	14863
62.2	15489
62.2	15599
62.2	15940
62.2	16112
62.2	16329
62.2	16865
62.2	17095
62.2	17462
62.2	17620
62.2	17755
62.2	18376
62.2	18378
62.2	18638
62.2	18663
62.2	19101
62.2	19367
62.2	19698
62.2	20058
62.2	21694
62.2	22106
62.2	22317
62.2	22855
62.2	22972
62.2	23076
62.2	23485
62.2	23546
62.2	23722
62.2	24119
62.2	24744
62.2	24972
62.2	25347
62.2	25578
62.2	25820
62.2	26276
62.2	27322
62.2	27361
62.2	27584
62.2	29270
62.2	29573
62.2	29598
62.2	29992
62.2	30064
62.2	31846
62.3	26
62.3	135
62.3	316
62.3	1198
62.3	2069
62.3	3618
62.3	4090
62.3	4127
62.3	4415
62.3	4501
62.3	4536
62.3	4606
62.3	4706
62.3	4808
62.3	4846
62.3	5007
62.3	5018
62.3	5265
62.3	7188
62.3	7233
62.3	7666
62.3	8048
62.3	8325
62.3	8912
62.3	9046
62.3	9195
62.3	10346
62.3	10800
62.3	10863
62.3	11308
62.3	11472
62.3	11578
62.3	11780
62.3	11910
62.3	11948
62.3	12489
62.3	12571
62.3	14227
62.3	14355
62.3	14386
62.3	14691
62.3	15120
62.3	16023
62.3	16160
62.3	16486
62.3	16945
62.3	17321
62.3	17331
62.3	18122
62.3	18240
62.3	18467
62.3	18858
62.3	19479
62.3	19511
62.3	19612
62.3	19714
62.3	20543
62.3	20695
62.3	20834
62.3	21154
62.3	21227
62.3	22053
62.3	22119
62.3	22130
62.3	22202
62.3	22469
62.3	23339
62.3	23460
62.3	23592
62.3	23830
62.3	23991
62.3	24154
62.3	24532
62.3	25342
62.3	25523
62.3	27135
62.3	27188
62.3	27392
62.3	28249
62.3	29766
62.3	29851
62.3	30009
62.3	30102
62.3	30196
62.3	30704
62.3	30935
62.4	1800
62.4	1878
62.4	2139
62.4	2309
62.4	2435
62.4	2490
62.4	3116
62.4	3319
62.4	3672
62.4	3969
62.4	4141
62.4	4847
62.4	5333
62.4	5626
62.4	5683
62.4	5952
62.4	6295
62.4	6920
62.4	7605
62.4	8000
62.4	8260
62.4	8373
62.4	8572
62.4	9203
62.4	9228
62.4	9409
62.4	9478
62.4	9745
62.4	10046
62.4	10101
62.4	11088
62.4	11654
62.4	11949
62.4	12202
62.4	12259
62.4	12362
62.4	12523
62.4	12580
62.4	12689
62.4	12855
62.4	12996
62.4	13271
62.4	13283
62.4	13318
62.4	13720
62.4	13863
62.4	14425
62.4	14522
62.4	15432
62.4	15836
62.4	15927
62.4	16161
62.4	16373
62.4	16508
62.4	16576
62.4	16623
62.4	17236
62.4	17667
62.4	17902
62.4	18200
62.4	18496
62.4	19314
62.4	19578
62.4	21114
62.4	22092
62.4	22136
62.4	22312
62.4	22423
62.4	22643
62.4	23373
62.4	24751
62.4	24850
62.4	25287
62.4	25697
62.4	25816
62.4	25864
62.4	26001
62.4	26845
62.4	27164
62.4	27415
62.4	27953
62.4	28136
62.4	29246
62.4	29249
62.4	29469
62.4	30274
62.4	30450
62.4	30469
62.4	30923
62.4	31606
62.4	31796
62.5	738
62.5	850
62.5	1355
62.5	1501
62.5	1692
62.5	1852
62.5	2161
62.5	2587
62.5	3710
62.5	4012
62.5	4225
62.5	4390
62.5	4435
62.5	4565
62.5	4618
62.5	4994
62.5	5182
62.5	5423
62.5	5587
62.5	5791
62.5	6019
62.5	6320
62.5	6321
62.5	6514
62.5	6648
62.5	7708
62.5	8371
62.5	9240
62.5	10434
62.5	10671
62.5	10678
62.5	10706
62.5	11459
62.5	11549
62.5	11555
62.5	12283
62.5	12966
62.5	13742
62.5	13942
62.5	14272
62.5	14412
62.5	14596
62.5	14701
62.5	15139
62.5	15260
62.5	15813
62.5	16106
62.5	16853
62.5	16870
62.5	16954
62.5	17832
62.5	18061
62.5	18485
62.5	18920
62.5	19089
62.5	19213
62.5	19522
62.5	19760
62.5	20722
62.5	21107
62.5	21560
62.5	22236
62.5	22265
62.5	22506
62.5	22514
62.5	22878
62.5	23210
62.5	23655
62.5	24631
62.5	24723
62.5	24939
62.5	24999
62.5	25134
62.5	25548
62.5	26269
62.5	26664
62.5	26998
62.5	27640
62.5	28031
62.5	28261
62.5	28296
62.5	29144
62.5	29536
62.5	29689
62.5	30165
62.5	30771
62.5	31497
62.5	31609
62.5	31951
62.6	146
62.6	1266
62.6	1400
62.6	1455
62.6	1719
62.6	1879
62.6	2568
62.6	2966
62.6	3100
62.6	3796
62.6	4089
62.6	4681
62.6	5345
62.6	7449
62.6	7452
62.6	9004
62.6	9178
62.6	9190
62.6	10795
62.6	10865
62.6	10909
62.6	11455
62.6	11476
62.6	12091
62.6	12498
62.6	13397
62.6	13490
62.6	13695
62.6	13769
62.6	14066
62.6	14828
62.6	14916
62.6	15724
62.6	18075
62.6	18144
62.6	19904
62.6	20281
62.6	20311
62.6	20736
62.6	21502
62.6	22023
62.6	22597
62.6	23651
62.6	23774
62.6	24358
62.6	24362
62.6	24557
62.6	24745
62.6	24802
62.6	24841
62.6	25244
62.6	26113
62.6	26550
62.6	26773
62.6	27826
62.6	28416
62.6	28651
62.6	29733
62.6	30993
62.6	31814
62.7	2034
62.7	2463
62.7	2502
62.7	3128
62.7	3391
62.7	3405
62.7	3782
62.7	3885
62.7	3921
62.7	4374
62.7	5203
62.7	5351
62.7	6405
62.7	6806
62.7	7734
62.7	7765
62.7	7884
62.7	8003
62.7	8303
62.7	9490
62.7	9880
62.7	10934
62.7	11681
62.7	12155
62.7	13272
62.7	13316
62.7	13801
62.7	13829
62.7	14012
62.7	14223
62.7	14735
62.7	16128
62.7	16554
62.7	17160
62.7	17161
62.7	17607
62.7	17778
62.7	17983
62.7	18158
62.7	18673
62.7	18691
62.7	18866
62.7	19162
62.7	19184
62.7	19335
62.7	20262
62.7	20327
62.7	20888
62.7	21557
62.7	22036
62.7	22536
62.7	22591
62.7	22789
62.7	23832
62.7	23914
62.7	23968
62.7	24237
62.7	24381
62.7	25310
62.7	25321
62.7	25622
62.7	25885
62.7	26935
62.7	27099
62.7	27258
62.7	27321
62.7	27329
62.7	27657
62.7	27680
62.7	27819
62.7	27887
62.7	27925
62.7	28259
62.7	28293
62.7	28395
62.7	28573
62.7	28581
62.7	28733
62.7	29044
62.7	29086
62.7	29968
62.7	31130
62.7	31227
62.7	31368
62.7	31742
62.8	274
62.8	1332
62.8	1563
62.8	1580
62.8	1778
62.8	2185
62.8	2769
62.8	2856
62.8	3074
62.8	3386
62.8	3425
62.8	3851
62.8	3971
62.8	4232
62.8	4972
62.8	5369
62.8	5459
62.8	6140
62.8	6201
62.8	6849
62.8	6852
62.8	6895
62.8	7672
62.8	7797
62.8	7925
62.8	8131
62.8	10072
62.8	10321
62.8	10335
62.8	11697
62.8	12107
62.8	12654
62.8	12696
62.8	14172
62.8	14835
62.8	15620
62.8	16604
62.8	16638
62.8	16740
62.8	17394
62.8	17443
62.8	17457
62.8	17963
62.8	18860
62.8	19046
62.8	19590
62.8	20348
62.8	20364
62.8	21062
62.8	21066
62.8	21274
62.8	21349
62.8	21758
62.8	21843
62.8	24253
62.8	25918
62.8	25956
62.8	26032
62.8	26195
62.8	26380
62.8	27223
62.8	27562
62.8	28034
62.8	30594
62.8	31033
62.8	31125
62.8	31373
62.8	31473
62.9	917
62.9	979
62.9	1022
62.9	1235
62.9	1256
62.9	1451
62.9	1935
62.9	2075
62.9	2201
62.9	2608
62.9	2779
62.9	3311
62.9	3576
62.9	3760
62.9	3792
62.9	3814
62.9	4111
62.9	4776
62.9	5197
62.9	6813
62.9	6940
62.9	7554
62.9	8403
62.9	9096
62.9	9904
62.9	10758
62.9	10954
62.9	11130
62.9	12157
62.9	12272
62.9	12728
62.9	12752
62.9	13354
62.9	13601
62.9	14354
62.9	14436
62.9	15301
62.9	16190
62.9	16219
62.9	16350
62.9	16526
62.9	17089
62.9	17109
62.9	17489
62.9	17966
62.9	18365
62.9	19108
62.9	19245
62.9	19431
62.9	19448
62.9	19633
62.9	19767
62.9	19865
62.9	21757
62.9	21860
62.9	22199
62.9	22216
62.9	22232
62.9	22463
62.9	22478
62.9	23381
62.9	24179
62.9	24304
62.9	24436
62.9	24579
62.9	24863
62.9	25466
62.9	26050
62.9	26319
62.9	27922
62.9	28143
62.9	28218
62.9	28461
62.9	29134
62.9	29686
62.9	31570
63	358
63	610
63	628
63	1223
63	1422
63	1622
63	1677
63	1726
63	1797
63	1911
63	2831
63	2906
63	3422
63	3833
63	4640
63	4826
63	4856
63	5154
63	5699
63	6164
63	6298
63	6642
63	6808
63	6979
63	7155
63	7165
63	7205
63	7581
63	7720
63	7819
63	8412
63	9473
63	9532
63	10161
63	10808
63	10880
63	11126
63	13685
63	13841
63	14505
63	14635
63	14783
63	15280
63	15525
63	16236
63	16714
63	17262
63	17293
63	19300
63	19717
63	20147
63	20618
63	20967
63	21285
63	21301
63	21334
63	22135
63	22227
63	22694
63	23301
63	23558
63	24741
63	24809
63	24944
63	25361
63	25393
63	26081
63	26648
63	26806
63	27057
63	27362
63	28011
63	28489
63	28882
63	30164
63	30902
63	31691
63	31956
63.1	161
63.1	281
63.1	1030
63.1	1624
63.1	2005
63.1	2647
63.1	2794
63.1	3180
63.1	4148
63.1	4293
63.1	4307
63.1	4523
63.1	4789
63.1	4897
63.1	5267
63.1	6200
63.1	6444
63.1	6669
63.1	7057
63.1	7067
63.1	8056
63.1	8211
63.1	8557
63.1	8606
63.1	9605
63.1	10055
63.1	10551
63.1	10556
63.1	11512
63.1	11803
63.1	12303
63.1	13538
63.1	13603
63.1	13658
63.1	14162
63.1	14241
63.1	14402
63.1	14860
63.1	15229
63.1	15458
63.1	16480
63.1	16869
63.1	17143
63.1	17839
63.1	18071
63.1	18123
63.1	19207
63.1	19253
63.1	20720
63.1	20730
63.1	21090
63.1	23216
63.1	24611
63.1	25096
63.1	25288
63.1	25513
63.1	26299
63.1	26347
63.1	26481
63.1	26871
63.1	27241
63.1	28290
63.1	28406
63.1	28770
63.1	28827
63.1	29183
63.1	30109
63.1	30460
63.1	30868
63.1	31275
63.2	265
63.2	701
63.2	952
63.2	1208
63.2	1785
63.2	1804
63.2	1913
63.2	2039
63.2	2716
63.2	2765
63.2	3157
63.2	3565
63.2	4105
63.2	4263
63.2	4771
63.2	5232
63.2	5236
63.2	6038
63.2	6081
63.2	6167
63.2	6191
63.2	6226
63.2	6252
63.2	7713
63.2	8666
63.2	9562
63.2	9675
63.2	9761
63.2	10532
63.2	11280
63.2	11482
63.2	11986
63.2	12444
63.2	13155
63.2	13168
63.2	13530
63.2	13571
63.2	14103
63.2	15019
63.2	15033
63.2	16384
63.2	16814
63.2	17283
63.2	17679
63.2	18325
63.2	18956
63.2	19482
63.2	19572
63.2	19682
63.2	20435
63.2	21359
63.2	21567
63.2	22890
63.2	23321
63.2	24335
63.2	24702
63.2	25501
63.2	25619
63.2	25799
63.2	26323
63.2	26400
63.2	26514
63.2	26651
63.2	26889
63.2	26896
63.2	27836
63.2	28691
63.2	28840
63.2	29111
63.2	29115
63.2	29540
63.2	29880
63.2	30346
63.2	30817
63.3	222
63.3	332
63.3	817
63.3	878
63.3	950
63.3	1195
63.3	1549
63.3	2467
63.3	2637
63.3	3078
63.3	3784
63.3	4037
63.3	5256
63.3	5489
63.3	5522
63.3	5638
63.3	6413
63.3	7012
63.3	7360
63.3	7673
63.3	7729
63.3	7764
63.3	7828
63.3	8052
63.3	8216
63.3	9574
63.3	9780
63.3	10252
63.3	12321
63.3	12330
63.3	12794
63.3	12926
63.3	13311
63.3	13566
63.3	13921
63.3	14630
63.3	14730
63.3	15465
63.3	16430
63.3	16461
63.3	16712
63.3	16728
63.3	17630
63.3	18015
63.3	18651
63.3	18674
63.3	18795
63.3	19449
63.3	19693
63.3	21354
63.3	21621
63.3	23046
63.3	23129
63.3	23143
63.3	23148
63.3	23328
63.3	23534
63.3	23658
63.3	23670
63.3	24537
63.3	24684
63.3	25343
63.3	25789
63.3	26203
63.3	26259
63.3	27002
63.3	27412
63.3	28579
63.3	30777
63.4	452
63.4	1057
63.4	1966
63.4	2079
63.4	2729
63.4	3351
63.4	3388
63.4	3735
63.4	4222
63.4	5041
63.4	5240
63.4	5304
63.4	5407
63.4	5499
63.4	6562
63.4	6827
63.4	7002
63.4	7198
63.4	7752
63.4	11153
63.4	11473
63.4	12755
63.4	12786
63.4	14394
63.4	14707
63.4	15845
63.4	15879
63.4	16042
63.4	18501
63.4	19250
63.4	20149
63.4	20576
63.4	20863
63.4	22032
63.4	22630
63.4	23549
63.4	23896
63.4	24672
63.4	24832
63.4	24864
63.4	25061
63.4	26100
63.4	26665
63.4	26824
63.4	27092
63.4	27156
63.4	29001
63.4	29116
63.4	29818
63.4	30147
63.4	30699
63.4	30846
63.4	30959
63.4	31095
63.4	31791
63.5	93
63.5	335
63.5	976
63.5	1233
63.5	1270
63.5	1334
63.5	1564
63.5	2186
63.5	2267
63.5	3528
63.5	4066
63.5	5272
63.5	5296
63.5	5608
63.5	6090
63.5	7510
63.5	7975
63.5	8214
63.5	9065
63.5	9239
63.5	9509
63.5	9837
63.5	10981
63.5	11043
63.5	11108
63.5	11519
63.5	13116
63.5	13914
63.5	15166
63.5	15232
63.5	16285
63.5	17093
63.5	17271
63.5	17791
63.5	18171
63.5	18766
63.5	19170
63.5	19486
63.5	19510
63.5	19666
63.5	19724
63.5	20476
63.5	21875
63.5	23429
63.5	23790
63.5	23999
63.5	25140
63.5	25724
63.5	25865
63.5	25963
63.5	26307
63.5	26603
63.5	28399
63.5	28413
63.5	29674
63.5	29963
63.5	30545
63.5	31398
63.5	31486
63.5	31590
63.5	31595
63.5	31934
63.5	31955
63.6	730
63.6	1049
63.6	1518
63.6	1592
63.6	1667
63.6	2489
63.6	2646
63.6	2964
63.6	2990
63.6	4092
63.6	4099
63.6	4820
63.6	5595
63.6	5766
63.6	5857
63.6	6981
63.6	7311
63.6	7484
63.6	7784
63.6	8301
63.6	8647
63.6	8857
63.6	8919
63.6	8968
63.6	9414
63.6	9533
63.6	11701
63.6	12176
63.6	12997
63.6	13255
63.6	13503
63.6	14027
63.6	14758
63.6	14995
63.6	16035
63.6	16398
63.6	17014
63.6	17353
63.6	17545
63.6	17691
63.6	18809
63.6	19401
63.6	20214
63.6	20278
63.6	20457
63.6	21347
63.6	21988
63.6	23295
63.6	23446
63.6	23497
63.6	24380
63.6	24753
63.6	25331
63.6	25989
63.6	26045
63.6	26636
63.6	27493
63.6	28074
63.6	28665
63.6	29208
63.6	29256
63.6	29370
63.6	29524
63.6	29761
63.6	29879
63.6	30015
63.6	30278
63.6	30389
63.6	30931
63.6	31596
63.6	31984
63.7	88
63.7	428
63.7	811
63.7	2169
63.7	2395
63.7	2816
63.7	2826
63.7	2921
63.7	2940
63.7	3031
63.7	3148
63.7	3414
63.7	3417
63.7	3550
63.7	3738
63.7	3746
63.7	4815
63.7	4827
63.7	4879
63.7	5137
63.7	5910
63.7	7584
63.7	8745
63.7	9053
63.7	9166
63.7	9222
63.7	9339
63.7	10314
63.7	10640
63.7	11639
63.7	11680
63.7	12320
63.7	12816
63.7	12848
63.7	13531
63.7	14450
63.7	14602
63.7	15330
63.7	16807
63.7	17493
63.7	17851
63.7	18970
63.7	19299
63.7	19602
63.7	19715
63.7	20323
63.7	20408
63.7	20570
63.7	20590
63.7	21136
63.7	21425
63.7	21620
63.7	22112
63.7	22279
63.7	22294
63.7	22484
63.7	22567
63.7	24058
63.7	25053
63.7	25756
63.7	25871
63.7	26314
63.7	26433
63.7	26589
63.7	26625
63.7	28823
63.7	29870
63.7	31844
63.7	31931
63.7	31940
63.8	31
63.8	718
63.8	739
63.8	1275
63.8	1360
63.8	3019
63.8	3168
63.8	3418
63.8	3611
63.8	3793
63.8	3806
63.8	3810
63.8	5009
63.8	5358
63.8	5360
63.8	5677
63.8	6104
63.8	6698
63.8	6899
63.8	7148
63.8	7326
63.8	7676
63.8	8586
63.8	9303
63.8	9959
63.8	11192
63.8	11704
63.8	11908
63.8	12130
63.8	12148
63.8	12220
63.8	12375
63.8	13136
63.8	13161
63.8	13799
63.8	13833
63.8	13996
63.8	14463
63.8	15569
63.8	16172
63.8	16555
63.8	17077
63.8	17316
63.8	19105
63.8	19347
63.8	19711
63.8	19817
63.8	19954
63.8	20202
63.8	20466
63.8	20486
63.8	20815
63.8	21044
63.8	21205
63.8	21958
63.8	22501
63.8	22628
63.8	23179
63.8	23371
63.8	23929
63.8	24853
63.8	24940
63.8	24967
63.8	25249
63.8	27034
63.8	27575
63.8	27810
63.8	27957
63.8	28363
63.8	28373
63.8	28936
63.8	29034
63.8	29267
63.8	29850
63.8	30498
63.8	30795
63.8	30936
63.8	31952
63.9	554
63.9	1185
63.9	2323
63.9	3260
63.9	3356
63.9	3412
63.9	3551
63.9	3769
63.9	3861
63.9	4399
63.9	5037
63.9	5561
63.9	6063
63.9	6415
63.9	6623
63.9	6722
63.9	6886
63.9	7072
63.9	7471
63.9	7595
63.9	7781
63.9	8270
63.9	10710
63.9	10915
63.9	11559
63.9	11881
63.9	11900
63.9	11989
63.9	12033
63.9	12045
63.9	13028
63.9	13204
63.9	13946
63.9	13983
63.9	14438
63.9	15526
63.9	15691
63.9	16498
63.9	17723
63.9	18027
63.9	19342
63.9	19882
63.9	20599
63.9	20635
63.9	20831
63.9	20931
63.9	21317
63.9	21487
63.9	22422
63.9	22771
63.9	23015
63.9	23377
63.9	23626
63.9	24589
63.9	24597
63.9	24843
63.9	25385
63.9	25600
63.9	25608
63.9	25915
63.9	26253
63.9	26533
63.9	27254
63.9	28467
63.9	28564
63.9	29058
63.9	29354
63.9	29645
63.9	29767
63.9	30710
63.9	30720
64	170
64	443
64	1152
64	1466
64	2262
64	2617
64	2802
64	2804
64	2936
64	3482
64	4671
64	5427
64	5849
64	6738
64	8393
64	8490
64	9432
64	9582
64	10198
64	10910
64	11097
64	11380
64	12102
64	12173
64	12790
64	12927
64	15507
64	16374
64	16698
64	17189
64	17417
64	18121
64	18557
64	18586
64	19396
64	19679
64	20474
64	21242
64	22021
64	22832
64	23153
64	23247
64	23356
64	24303
64	25303
64	25504
64	26242
64	26297
64	26393
64	26399
64	26598
64	27715
64	27795
64	27825
64	29278
64	29324
64	30084
64	30250
64	30420
64	30828
64	31253
64	31673
64.1	515
64.1	1987
64.1	2390
64.1	2423
64.1	3259
64.1	3409
64.1	3764
64.1	6407
64.1	6876
64.1	7101
64.1	7491
64.1	7569
64.1	8174
64.1	8197
64.1	8738
64.1	9289
64.1	10304
64.1	10441
64.1	10649
64.1	11146
64.1	13050
64.1	13117
64.1	13507
64.1	14357
64.1	14711
64.1	17185
64.1	17196
64.1	19069
64.1	19081
64.1	19244
64.1	19498
64.1	19860
64.1	19938
64.1	20835
64.1	20998
64.1	21579
64.1	21809
64.1	22822
64.1	23757
64.1	24224
64.1	24302
64.1	24831
64.1	24851
64.1	26142
64.1	26785
64.1	28056
64.1	28471
64.1	28938
64.1	29492
64.1	29716
64.1	29814
64.1	30546
64.1	30956
64.1	31550
64.1	31911
64.2	56
64.2	224
64.2	750
64.2	777
64.2	1280
64.2	1337
64.2	2721
64.2	3004
64.2	4078
64.2	4240
64.2	4333
64.2	4433
64.2	5196
64.2	5355
64.2	6946
64.2	7519
64.2	7740
64.2	9430
64.2	9757
64.2	11408
64.2	12591
64.2	13916
64.2	13998
64.2	14071
64.2	14461
64.2	15800
64.2	16133
64.2	16936
64.2	18131
64.2	18332
64.2	19834
64.2	20399
64.2	20951
64.2	21151
64.2	21246
64.2	21290
64.2	22030
64.2	22511
64.2	22864
64.2	22865
64.2	23041
64.2	23379
64.2	23435
64.2	25800
64.2	26002
64.2	26315
64.2	26601
64.2	27032
64.2	27144
64.2	27248
64.2	27427
64.2	28061
64.2	28289
64.2	28466
64.2	28517
64.2	30054
64.2	30204
64.2	30985
64.3	365
64.3	913
64.3	1274
64.3	1378
64.3	3408
64.3	3656
64.3	3801
64.3	4174
64.3	4246
64.3	4990
64.3	5086
64.3	5092
64.3	6634
64.3	7289
64.3	7342
64.3	7454
64.3	8060
64.3	8240
64.3	8415
64.3	8457
64.3	9054
64.3	9159
64.3	9172
64.3	9546
64.3	9678
64.3	9801
64.3	10267
64.3	10565
64.3	11068
64.3	12199
64.3	13059
64.3	13727
64.3	13733
64.3	14638
64.3	15327
64.3	15872
64.3	16348
64.3	16575
64.3	17291
64.3	17463
64.3	17502
64.3	19036
64.3	19165
64.3	19586
64.3	20096
64.3	20378
64.3	21731
64.3	21886
64.3	23250
64.3	24018
64.3	24117
64.3	24835
64.3	24982
64.3	25606
64.3	26278
64.3	26800
64.3	27069
64.3	27875
64.3	27959
64.3	28058
64.3	28073
64.3	28196
64.3	28198
64.3	28645
64.3	28845
64.3	28931
64.3	29064
64.3	29760
64.3	30743
64.3	31798
64.3	31960
64.4	1762
64.4	1946
64.4	2315
64.4	2433
64.4	4340
64.4	4785
64.4	5023
64.4	5442
64.4	5770
64.4	6004
64.4	6095
64.4	7416
64.4	7563
64.4	7574
64.4	8355
64.4	8476
64.4	8794
64.4	9442
64.4	9814
64.4	11099
64.4	11258
64.4	11640
64.4	12309
64.4	12716
64.4	13251
64.4	13454
64.4	13843
64.4	14315
64.4	14652
64.4	14704
64.4	15515
64.4	15790
64.4	16346
64.4	16534
64.4	16646
64.4	17179
64.4	19458
64.4	19550
64.4	20478
64.4	20665
64.4	21081
64.4	21175
64.4	21398
64.4	21406
64.4	22048
64.4	22307
64.4	22894
64.4	23329
64.4	23530
64.4	23538
64.4	23925
64.4	24010
64.4	24051
64.4	24276
64.4	24443
64.4	24654
64.4	25251
64.4	25396
64.4	25921
64.4	26073
64.4	26555
64.4	27591
64.4	27915
64.4	29607
64.4	30201
64.4	30217
64.4	30711
64.4	30872
64.5	359
64.5	637
64.5	663
64.5	1744
64.5	2815
64.5	2861
64.5	3439
64.5	4578
64.5	5398
64.5	6844
64.5	7222
64.5	7337
64.5	7900
64.5	7914
64.5	7939
64.5	8147
64.5	8152
64.5	8162
64.5	8315
64.5	8322
64.5	8982
64.5	9606
64.5	9843
64.5	10728
64.5	11770
64.5	11918
64.5	11925
64.5	13124
64.5	13280
64.5	14204
64.5	15324
64.5	16815
64.5	17597
64.5	18361
64.5	18478
64.5	19044
64.5	19841
64.5	21685
64.5	21728
64.5	21951
64.5	22439
64.5	23472
64.5	23673
64.5	23942
64.5	24954
64.5	24992
64.5	25123
64.5	25751
64.5	26332
64.5	26713
64.5	27198
64.5	28001
64.5	28799
64.5	28886
64.5	29978
64.5	30158
64.5	30254
64.5	30669
64.5	31589
64.5	31633
64.5	31986
64.6	486
64.6	679
64.6	1285
64.6	2287
64.6	2295
64.6	2531
64.6	3082
64.6	3533
64.6	3724
64.6	3835
64.6	4976
64.6	5227
64.6	6506
64.6	8132
64.6	8655
64.6	8910
64.6	9025
64.6	9288
64.6	11337
64.6	11615
64.6	12305
64.6	12584
64.6	14280
64.6	15757
64.6	15893
64.6	16559
64.6	18966
64.6	19373
64.6	19619
64.6	19931
64.6	20125
64.6	20368
64.6	23306
64.6	24046
64.6	24398
64.6	24978
64.6	25595
64.6	26309
64.6	27323
64.6	28325
64.6	28387
64.6	28686
64.6	30139
64.6	30174
64.6	30414
64.6	30433
64.6	30508
64.6	30616
64.6	31161
64.7	82
64.7	474
64.7	1381
64.7	1738
64.7	2836
64.7	2926
64.7	2927
64.7	3244
64.7	4412
64.7	4784
64.7	5121
64.7	6535
64.7	6781
64.7	7457
64.7	8254
64.7	8694
64.7	9663
64.7	10923
64.7	11138
64.7	12060
64.7	12111
64.7	12764
64.7	14875
64.7	15261
64.7	16758
64.7	16843
64.7	20019
64.7	20297
64.7	20628
64.7	21318
64.7	22788
64.7	23615
64.7	25339
64.7	25556
64.7	26184
64.7	28125
64.7	28159
64.7	29369
64.7	29801
64.7	29929
64.7	31578
64.7	31613
64.7	31754
64.8	1403
64.8	2561
64.8	3376
64.8	4467
64.8	6174
64.8	7160
64.8	8262
64.8	9662
64.8	9691
64.8	10599
64.8	10602
64.8	10924
64.8	11657
64.8	11800
64.8	12149
64.8	13029
64.8	13401
64.8	14022
64.8	14031
64.8	14189
64.8	15641
64.8	18239
64.8	18633
64.8	19742
64.8	21593
64.8	21632
64.8	22655
64.8	23241
64.8	24806
64.8	24828
64.8	25132
64.8	25142
64.8	26160
64.8	26255
64.8	26354
64.8	26820
64.8	27031
64.8	27160
64.8	28329
64.8	29065
64.8	29133
64.8	30259
64.8	30657
64.8	30853
64.8	31032
64.9	257
64.9	873
64.9	1457
64.9	2415
64.9	3015
64.9	3406
64.9	3642
64.9	4421
64.9	4586
64.9	5701
64.9	6664
64.9	7421
64.9	7436
64.9	7919
64.9	8009
64.9	8360
64.9	9336
64.9	9799
64.9	10141
64.9	12420
64.9	13162
64.9	13293
64.9	13337
64.9	13411
64.9	13614
64.9	13615
64.9	13655
64.9	13849
64.9	14095
64.9	14291
64.9	14472
64.9	15278
64.9	15689
64.9	15988
64.9	16820
64.9	16993
64.9	17105
64.9	17793
64.9	18118
64.9	18653
64.9	19288
64.9	20016
64.9	20691
64.9	21813
64.9	22518
64.9	22917
64.9	23029
64.9	23444
64.9	24115
64.9	24738
64.9	24849
64.9	26562
64.9	26634
64.9	27757
64.9	28010
64.9	28133
64.9	28418
64.9	28710
64.9	29837
64.9	30432
64.9	30906
64.9	30977
64.9	31055
64.9	31193
64.9	31303
65	1216
65	2160
65	3005
65	4301
65	4557
65	6818
65	7790
65	7803
65	8051
65	9161
65	9910
65	10244
65	10299
65	11601
65	12604
65	12639
65	15012
65	15612
65	16721
65	17101
65	18803
65	18909
65	19417
65	19457
65	19543
65	22346
65	22556
65	23264
65	24909
65	26454
65	27348
65	28276
65	28661
65	29307
65	30077
65	30397
65	30478
65	31324
65	31482
65	31822
65.1	306
65.1	994
65.1	3967
65.1	5628
65.1	5811
65.1	6763
65.1	7084
65.1	7693
65.1	10867
65.1	12458
65.1	12871
65.1	13346
65.1	15022
65.1	15459
65.1	15987
65.1	16173
65.1	17170
65.1	19229
65.1	19621
65.1	20701
65.1	21214
65.1	21555
65.1	22143
65.1	22553
65.1	25705
65.1	27196
65.1	27462
65.1	29122
65.1	29317
65.1	30645
65.1	31086
65.1	31542
65.2	495
65.2	1464
65.2	2263
65.2	3017
65.2	6396
65.2	6432
65.2	7109
65.2	8749
65.2	9134
65.2	11039
65.2	13170
65.2	13259
65.2	13421
65.2	15314
65.2	15936
65.2	17074
65.2	17114
65.2	18110
65.2	18828
65.2	20098
65.2	20124
65.2	21817
65.2	23192
65.2	24395
65.2	24846
65.2	25926
65.2	25977
65.2	25984
65.2	28427
65.2	28978
65.2	29259
65.2	29325
65.2	29644
65.2	29830
65.2	30566
65.2	30726
65.2	31413
65.3	30
65.3	1619
65.3	3306
65.3	4027
65.3	4874
65.3	4959
65.3	5102
65.3	5854
65.3	6180
65.3	6248
65.3	6743
65.3	7063
65.3	7254
65.3	7698
65.3	9363
65.3	9642
65.3	10312
65.3	10502
65.3	12266
65.3	12830
65.3	13021
65.3	13945
65.3	15061
65.3	16051
65.3	16053
65.3	16187
65.3	17598
65.3	18445
65.3	18802
65.3	20282
65.3	21882
65.3	22103
65.3	22847
65.3	22858
65.3	22970
65.3	22984
65.3	24006
65.3	25375
65.3	25559
65.3	26540
65.3	27754
65.3	28635
65.3	28730
65.3	29194
65.3	29453
65.3	29578
65.3	31123
65.3	31209
65.4	440
65.4	579
65.4	744
65.4	1273
65.4	2091
65.4	3086
65.4	3149
65.4	4576
65.4	5653
65.4	7748
65.4	8433
65.4	11646
65.4	12384
65.4	14348
65.4	14827
65.4	14877
65.4	14925
65.4	15303
65.4	18218
65.4	18520
65.4	19488
65.4	20728
65.4	21139
65.4	22139
65.4	22981
65.4	23344
65.4	25044
65.4	25373
65.4	25795
65.4	25973
65.4	26486
65.4	26653
65.4	26822
65.4	27264
65.4	27672
65.4	27883
65.4	27918
65.4	28250
65.4	28708
65.4	28792
65.4	29290
65.4	30131
65.4	30518
65.4	31105
65.4	31263
65.5	195
65.5	1359
65.5	2697
65.5	3314
65.5	7639
65.5	9136
65.5	9259
65.5	9364
65.5	10563
65.5	11486
65.5	14490
65.5	17724
65.5	17780
65.5	18257
65.5	18535
65.5	19344
65.5	21203
65.5	22387
65.5	22833
65.5	23092
65.5	24066
65.5	25119
65.5	25698
65.5	27820
65.5	28501
65.5	29131
65.5	30357
65.5	30996
65.5	31787
65.6	928
65.6	1209
65.6	2275
65.6	2436
65.6	2503
65.6	2893
65.6	3886
65.6	5096
65.6	5268
65.6	5694
65.6	5740
65.6	6010
65.6	6373
65.6	8398
65.6	10791
65.6	12911
65.6	14070
65.6	17786
65.6	18954
65.6	19172
65.6	20445
65.6	20713
65.6	20866
65.6	20911
65.6	21469
65.6	22238
65.6	22416
65.6	22446
65.6	24103
65.6	24546
65.6	24925
65.6	25281
65.6	28214
65.6	28240
65.6	29060
65.6	30734
65.6	30822
65.6	31836
65.7	387
65.7	882
65.7	2504
65.7	4121
65.7	4930
65.7	5930
65.7	8796
65.7	9758
65.7	9944
65.7	10147
65.7	10423
65.7	10503
65.7	11035
65.7	11057
65.7	11128
65.7	12234
65.7	12543
65.7	12629
65.7	12960
65.7	14058
65.7	14097
65.7	14229
65.7	15128
65.7	20148
65.7	20158
65.7	20923
65.7	21184
65.7	23813
65.7	23853
65.7	23959
65.7	24490
65.7	24529
65.7	26167
65.7	26214
65.7	28522
65.7	29464
65.7	30406
65.8	328
65.8	4929
65.8	5192
65.8	5485
65.8	5798
65.8	7300
65.8	8777
65.8	10953
65.8	11085
65.8	11622
65.8	14687
65.8	15273
65.8	16500
65.8	20086
65.8	22226
65.8	22443
65.8	22502
65.8	26335
65.8	26512
65.8	27395
65.8	28785
65.8	29915
65.8	30824
65.8	31096
65.9	780
65.9	1248
65.9	3337
65.9	4177
65.9	5097
65.9	5625
65.9	6323
65.9	10639
65.9	12043
65.9	13407
65.9	17596
65.9	17677
65.9	18720
65.9	18774
65.9	18844
65.9	19749
65.9	20605
65.9	22151
65.9	22259
65.9	22844
65.9	22924
65.9	24078
65.9	26039
65.9	26157
65.9	26748
65.9	27013
65.9	28160
65.9	31329
66	384
66	3868
66	7142
66	7522
66	8972
66	9011
66	9095
66	9913
66	9964
66	10933
66	11731
66	12522
66	12559
66	13514
66	14605
66	14616
66	16886
66	17811
66	18182
66	18687
66	19263
66	19852
66	21492
66	22063
66	22486
66	22572
66	24499
66	24590
66	24873
66	29277
66	29909
66	30220
66.1	217
66.1	1801
66.1	1939
66.1	4740
66.1	5199
66.1	5530
66.1	8114
66.1	9015
66.1	9187
66.1	10121
66.1	10197
66.1	12879
66.1	14697
66.1	15810
66.1	16818
66.1	19628
66.1	22687
66.1	22974
66.1	24824
66.1	28226
66.1	28307
66.1	29530
66.1	30018
66.1	31174
66.2	616
66.2	10210
66.2	10643
66.2	11003
66.2	15088
66.2	15852
66.2	16696
66.2	17242
66.2	18205
66.2	19160
66.2	20643
66.2	23154
66.2	23509
66.2	24311
66.2	25557
66.2	27487
66.2	29043
66.2	29648
66.2	31128
66.3	248
66.3	795
66.3	824
66.3	1120
66.3	1291
66.3	1526
66.3	1547
66.3	1943
66.3	2213
66.3	5471
66.3	8188
66.3	9680
66.3	10143
66.3	10475
66.3	11013
66.3	12258
66.3	13329
66.3	13939
66.3	14215
66.3	14279
66.3	14397
66.3	14416
66.3	15598
66.3	16633
66.3	17254
66.3	17868
66.3	17920
66.3	21465
66.3	23957
66.3	24820
66.3	25928
66.3	30533
66.3	31511
66.4	831
66.4	2663
66.4	3712
66.4	4480
66.4	4591
66.4	5490
66.4	7667
66.4	9619
66.4	11143
66.4	11241
66.4	11435
66.4	12110
66.4	13301
66.4	13370
66.4	18572
66.4	19164
66.4	19187
66.4	20875
66.4	21859
66.4	23410
66.4	24141
66.4	24215
66.4	27440
66.4	27515
66.4	30581
66.4	31082
66.4	31419
66.5	34
66.5	998
66.5	1090
66.5	1869
66.5	2546
66.5	3687
66.5	8767
66.5	11530
66.5	12146
66.5	12185
66.5	12223
66.5	17986
66.5	22384
66.5	22955
66.5	27045
66.5	29926
66.5	31965
66.6	755
66.6	1127
66.6	6383
66.6	6720
66.6	8381
66.6	9781
66.6	10294
66.6	12348
66.6	13495
66.6	13974
66.6	16492
66.6	19195
66.6	21846
66.6	25394
66.6	26959
66.6	27509
66.6	31563
66.7	2829
66.7	3985
66.7	7355
66.7	8682
66.7	9772
66.7	10829
66.7	11296
66.7	12083
66.7	14263
66.7	14970
66.7	15385
66.7	18295
66.7	19788
66.7	19829
66.7	28206
66.7	31583
66.8	2460
66.8	2885
66.8	4646
66.8	5642
66.8	8349
66.8	9968
66.8	12432
66.8	12940
66.8	15114
66.8	19142
66.8	25084
66.8	26202
66.8	26388
66.8	27749
66.9	900
66.9	1656
66.9	4709
66.9	9747
66.9	12714
66.9	15350
66.9	17932
66.9	18385
66.9	24261
66.9	24729
66.9	29841
66.9	30169
66.9	31768
67	2342
67	5241
67	7432
67	9006
67	9013
67	10418
67	12336
67	18255
67	23079
67	25570
67	25947
67	26233
67.1	2967
67.1	5633
67.1	9573
67.1	10122
67.1	11382
67.1	13207
67.1	13258
67.1	13802
67.1	15426
67.1	16520
67.1	21750
67.1	25785
67.1	26248
67.1	27951
67.1	28123
67.1	28494
67.1	28860
67.2	3624
67.2	6576
67.2	11393
67.2	14296
67.2	15477
67.2	15567
67.2	21551
67.2	26586
67.2	27432
67.2	27456
67.2	30028
67.3	44
67.3	1062
67.3	6036
67.3	8396
67.3	8667
67.3	9171
67.3	12901
67.3	15488
67.3	15876
67.3	20027
67.3	22588
67.3	29494
67.4	5606
67.4	13494
67.4	14484
67.4	15868
67.4	19122
67.4	19986
67.4	25541
67.4	26294
67.4	29560
67.5	5590
67.5	8880
67.5	10598
67.5	13705
67.5	20786
67.5	22899
67.5	24701
67.5	26436
67.5	30215
67.6	2887
67.6	10973
67.6	16314
67.6	19166
67.6	23259
67.6	24890
67.6	28607
67.6	30438
67.6	30909
67.7	7508
67.7	9654
67.7	10805
67.7	11090
67.7	11496
67.7	23508
67.7	28568
67.7	29799
67.8	2487
67.8	11647
67.8	13778
67.8	15322
67.8	16969
67.8	24674
67.8	25758
67.8	31474
67.9	106
67.9	19971
67.9	22816
67.9	26851
67.9	27488
67.9	27932
68	6447
68	8509
68	12237
68	19348
68	25148
68	26549
68	29659
68	29866
68.1	2329
68.1	3011
68.1	7443
68.1	10745
68.1	12651
68.1	14577
68.1	16117
68.1	16203
68.1	17638
68.1	28725
68.1	29779
68.1	30213
68.2	3433
68.2	12117
68.3	18175
68.3	30149
68.4	4921
68.4	21393
68.4	28165
68.4	31097
68.5	3821
68.5	10138
68.5	29940
68.6	619
68.6	8169
68.6	18753
68.6	20547
68.6	21134
68.7	4854
68.7	9633
68.7	12035
68.7	13274
68.7	26225
68.7	27728
68.8	7966
68.8	8583
68.8	14582
68.8	15548
68.8	20747
68.8	25776
68.8	26470
68.8	27380
68.9	8035
68.9	19825
68.9	27232
68.9	28572
69	4058
69	13025
69	14311
69	21778
69.1	10659
69.1	18929
69.2	15076
69.2	23256
69.3	4848
69.3	6282
69.3	7949
69.3	11061
69.3	18234
69.4	7998
69.4	14732
69.4	31376
69.5	6382
69.5	6744
69.6	3246
69.6	17056
69.6	19205
69.7	23418
69.7	24462
69.8	12245
69.8	16932
69.8	29824
69.9	7576
70	3155
70	13096
70	23200
70.2	1661
70.2	1768
70.2	31923
70.3	1343
70.3	22401
70.3	22890
70.4	13424
70.5	1256
70.5	10695
70.5	13780
70.6	21642
70.8	963
70.9	27292
70.9	27588
71	27449
71.4	8193
71.4	26730
71.8	13318
71.9	10684
71.9	21652
72.1	16312
72.2	20149
72.4	7828
72.5	1235
72.7	1142
73.3	20995
73.5	24842
73.6	26246
73.8	17388
73.9	24940
74.6	7067
75.5	1045
78.2	7300
