13.1	311
13.4	34
13.9	281
14.2	296
14.7	203
14.9	57
15	313
15.8	72
15.8	288
16.1	145
16.3	116
16.6	53
16.7	58
17.3	175
18.2	263
18.7	31
19.4	230
19.7	271
19.9	253
19.9	306
20.2	1293
20.4	7940
20.5	190
20.5	240
20.6	7052
20.6	11379
20.8	136
21	97
21	7382
21.1	8158
21.2	6013
21.2	8248
21.3	89
21.3	2055
21.4	74
21.4	4197
21.4	6071
21.4	13567
21.5	7528
21.5	7623
21.5	8817
21.5	10590
21.6	100
21.6	3065
21.7	19
21.7	593
21.8	3872
21.8	13582
21.8	14344
21.9	5268
22	741
22	2255
22	2467
22	6738
22.1	463
22.1	12370
22.2	314
22.2	475
22.2	3613
22.2	4478
22.2	5899
22.2	14033
22.2	14601
22.2	15046
22.3	84
22.3	1583
22.3	13120
22.4	76
22.5	131
22.5	1999
22.5	7204
22.5	8540
22.5	10535
22.6	4641
22.6	6488
22.6	7056
22.6	8938
22.6	9343
22.6	11880
22.6	13613
22.6	13841
22.6	14540
22.6	15320
22.7	68
22.7	239
22.7	2903
22.7	4138
22.7	4952
22.7	6029
22.7	14432
22.8	143
22.8	2712
22.8	4027
22.8	4229
22.8	5719
22.8	6779
22.8	8025
22.8	10296
22.8	10637
22.8	11130
22.8	11829
22.8	12321
22.8	12697
22.8	13786
22.9	75
22.9	227
22.9	2743
22.9	3836
22.9	11225
22.9	13248
23	1473
23	2450
23	7234
23	8007
23	8479
23	11380
23.1	389
23.1	837
23.1	6781
23.1	11928
23.1	12728
23.1	13812
23.1	14083
23.2	85
23.2	159
23.2	1380
23.2	4225
23.2	6594
23.2	10740
23.2	12456
23.2	12479
23.2	14245
23.3	2364
23.3	3142
23.3	3514
23.3	4922
23.3	6901
23.3	9113
23.3	9388
23.3	9466
23.3	9530
23.3	10722
23.3	15063
23.3	15181
23.3	15290
23.3	15835
23.4	15
23.4	3839
23.4	4513
23.4	5845
23.4	8145
23.4	11827
23.4	12716
23.4	13600
23.4	14117
23.5	1078
23.5	1559
23.5	3373
23.5	7917
23.5	8865
23.5	12759
23.5	13145
23.6	61
23.6	218
23.6	1869
23.6	4684
23.6	6898
23.6	7299
23.6	8629
23.6	9662
23.6	9733
23.6	12932
23.6	13601
23.6	13640
23.6	13676
23.7	105
23.7	1624
23.7	2146
23.7	2745
23.7	3563
23.7	4153
23.7	4815
23.7	7345
23.7	9821
23.7	11138
23.7	13487
23.7	14636
23.7	15270
23.7	15570
23.8	1900
23.8	2593
23.8	3753
23.8	5514
23.8	5741
23.8	6615
23.8	7366
23.8	9825
23.8	10695
23.8	13320
23.8	13654
23.8	14326
23.8	14370
23.8	14729
23.9	2121
23.9	2769
23.9	2816
23.9	4054
23.9	4201
23.9	5292
23.9	6094
23.9	7442
23.9	8214
23.9	8966
23.9	8972
23.9	10697
23.9	10892
23.9	13092
23.9	14550
23.9	14612
23.9	15390
23.9	15549
23.9	15756
24	460
24	931
24	1543
24	3974
24	4341
24	5387
24	6875
24	11691
24	13440
24	14412
24	14768
24	15165
24.1	1021
24.1	3172
24.1	3588
24.1	3727
24.1	5054
24.1	5517
24.1	5620
24.1	6465
24.1	15008
24.2	231
24.2	570
24.2	657
24.2	1998
24.2	2538
24.2	4230
24.2	4724
24.2	5862
24.2	6270
24.2	6355
24.2	8647
24.2	9000
24.2	10808
24.2	11044
24.2	12874
24.2	13312
24.2	13381
24.2	13413
24.2	14615
24.3	648
24.3	1042
24.3	1393
24.3	1399
24.3	1524
24.3	1539
24.3	2165
24.3	2649
24.3	2736
24.3	3251
24.3	3291
24.3	3787
24.3	3896
24.3	4128
24.3	4149
24.3	4260
24.3	4817
24.3	4897
24.3	5376
24.3	5732
24.3	6000
24.3	6243
24.3	6664
24.3	6964
24.3	7058
24.3	7879
24.3	8196
24.3	8929
24.3	9112
24.3	9137
24.3	9713
24.3	9988
24.3	10217
24.3	10399
24.3	11898
24.3	11902
24.3	12276
24.3	13115
24.3	13684
24.4	195
24.4	2726
24.4	2740
24.4	2977
24.4	4462
24.4	4542
24.4	5111
24.4	5702
24.4	6578
24.4	8216
24.4	9194
24.4	10480
24.4	10518
24.4	11524
24.4	11826
24.4	12338
24.4	12460
24.4	13241
24.4	13289
24.4	13580
24.4	14170
24.4	15211
24.5	434
24.5	540
24.5	669
24.5	1926
24.5	4018
24.5	4458
24.5	4487
24.5	4783
24.5	5256
24.5	5412
24.5	5925
24.5	6121
24.5	7117
24.5	7285
24.5	10737
24.5	11470
24.5	12468
24.5	12613
24.5	13533
24.5	14625
24.5	15415
24.6	124
24.6	1064
24.6	2258
24.6	3726
24.6	4135
24.6	4526
24.6	5390
24.6	7621
24.6	7748
24.6	9111
24.6	10104
24.6	11093
24.6	13385
24.6	13609
24.6	14088
24.6	14637
24.6	15145
24.7	17
24.7	744
24.7	1618
24.7	1644
24.7	2089
24.7	2641
24.7	2651
24.7	3024
24.7	3930
24.7	7978
24.7	8970
24.7	9476
24.7	9537
24.7	9981
24.7	10750
24.7	11097
24.7	11193
24.7	11562
24.7	11696
24.7	12407
24.7	12504
24.7	13903
24.7	14282
24.7	14771
24.7	15357
24.7	15413
24.8	1029
24.8	1280
24.8	1306
24.8	1387
24.8	1856
24.8	1985
24.8	4687
24.8	5838
24.8	6104
24.8	6809
24.8	7493
24.8	7826
24.8	9430
24.8	9532
24.8	9991
24.8	10023
24.8	11027
24.8	11045
24.8	12160
24.8	12253
24.8	13105
24.8	13420
24.8	13714
24.8	14577
24.8	14633
24.8	15173
24.8	15521
24.8	15769
24.9	83
24.9	109
24.9	1737
24.9	1822
24.9	2417
24.9	3558
24.9	3591
24.9	3662
24.9	3679
24.9	4196
24.9	4361
24.9	5004
24.9	5908
24.9	7686
24.9	7919
24.9	8262
24.9	9244
24.9	10007
24.9	12229
24.9	12699
24.9	12999
24.9	14192
24.9	14280
24.9	15929
25	390
25	574
25	900
25	1921
25	2523
25	2652
25	2670
25	2901
25	2990
25	2993
25	3117
25	3132
25	3709
25	4098
25	5147
25	5259
25	5464
25	5904
25	6813
25	7388
25	8093
25	8281
25	9857
25	10274
25	10345
25	11290
25	11881
25	12642
25	13431
25	13646
25	14005
25	14352
25	14719
25	15019
25.1	106
25.1	304
25.1	436
25.1	937
25.1	954
25.1	1118
25.1	1157
25.1	2272
25.1	2302
25.1	2834
25.1	4646
25.1	5434
25.1	5685
25.1	6279
25.1	6903
25.1	7419
25.1	7724
25.1	8256
25.1	8364
25.1	8522
25.1	8732
25.1	10050
25.1	10076
25.1	11158
25.1	11337
25.1	13546
25.1	13916
25.1	14293
25.1	14399
25.1	14634
25.1	14657
25.1	14962
25.1	15722
25.2	47
25.2	361
25.2	430
25.2	1019
25.2	2071
25.2	2466
25.2	2595
25.2	2709
25.2	2751
25.2	3309
25.2	3817
25.2	3845
25.2	4371
25.2	4452
25.2	4593
25.2	4873
25.2	4935
25.2	5529
25.2	5794
25.2	6012
25.2	6384
25.2	6965
25.2	8238
25.2	8607
25.2	8659
25.2	9521
25.2	9663
25.2	9953
25.2	10095
25.2	10495
25.2	10581
25.2	10743
25.2	11053
25.2	11786
25.2	11877
25.2	12051
25.2	12603
25.2	13677
25.2	13682
25.2	13917
25.2	14696
25.2	14895
25.2	15193
25.2	15571
25.2	15579
25.2	15658
25.3	180
25.3	736
25.3	1125
25.3	1211
25.3	1398
25.3	1738
25.3	2339
25.3	2428
25.3	2870
25.3	2890
25.3	3255
25.3	3517
25.3	3617
25.3	4143
25.3	4228
25.3	4257
25.3	6258
25.3	7211
25.3	7477
25.3	7664
25.3	8140
25.3	8159
25.3	8275
25.3	8372
25.3	8420
25.3	8888
25.3	10051
25.3	10068
25.3	10279
25.3	10423
25.3	10513
25.3	10538
25.3	10792
25.3	10882
25.3	11062
25.3	11513
25.3	12217
25.3	12449
25.3	12560
25.3	12769
25.3	13669
25.3	14219
25.3	14237
25.3	14251
25.3	14993
25.3	15318
25.4	196
25.4	216
25.4	595
25.4	789
25.4	1510
25.4	2934
25.4	3066
25.4	5763
25.4	6021
25.4	7657
25.4	7797
25.4	7898
25.4	7992
25.4	8057
25.4	8186
25.4	8272
25.4	8553
25.4	9136
25.4	9261
25.4	9554
25.4	9909
25.4	10391
25.4	11961
25.4	12227
25.4	12619
25.4	12859
25.4	13140
25.4	13155
25.4	13197
25.4	13412
25.4	13458
25.4	13863
25.4	14091
25.4	14689
25.4	14886
25.4	15858
25.5	55
25.5	246
25.5	290
25.5	847
25.5	1073
25.5	1424
25.5	1768
25.5	1795
25.5	1849
25.5	2027
25.5	2030
25.5	2094
25.5	2115
25.5	2198
25.5	2473
25.5	2581
25.5	2627
25.5	2664
25.5	3077
25.5	3200
25.5	4081
25.5	4123
25.5	4624
25.5	4633
25.5	4854
25.5	4942
25.5	5067
25.5	5219
25.5	5598
25.5	5680
25.5	5735
25.5	5831
25.5	6239
25.5	6475
25.5	6559
25.5	6992
25.5	7500
25.5	7516
25.5	7593
25.5	7734
25.5	7967
25.5	7986
25.5	8077
25.5	8317
25.5	9024
25.5	9695
25.5	10183
25.5	10314
25.5	11644
25.5	11717
25.5	11807
25.5	12034
25.5	13206
25.5	13251
25.5	13424
25.5	13904
25.5	14121
25.5	14187
25.5	14273
25.5	14413
25.5	15115
25.5	15199
25.5	15200
25.5	15779
25.6	64
25.6	155
25.6	269
25.6	368
25.6	502
25.6	1236
25.6	2064
25.6	2227
25.6	2840
25.6	3129
25.6	3568
25.6	3831
25.6	3947
25.6	3954
25.6	4550
25.6	4695
25.6	5091
25.6	5449
25.6	5505
25.6	5810
25.6	5890
25.6	5928
25.6	5966
25.6	6375
25.6	6495
25.6	6596
25.6	7110
25.6	7207
25.6	7916
25.6	8218
25.6	8386
25.6	8556
25.6	9052
25.6	9106
25.6	9345
25.6	9678
25.6	9697
25.6	10708
25.6	11072
25.6	11272
25.6	11316
25.6	12101
25.6	12252
25.6	12524
25.6	12626
25.6	12765
25.6	12849
25.6	12897
25.6	13010
25.6	13570
25.6	13728
25.6	13779
25.6	14194
25.6	14196
25.6	14214
25.6	14493
25.6	14868
25.6	15105
25.6	15737
25.6	15766
25.6	15800
25.6	15928
25.7	78
25.7	959
25.7	1336
25.7	1682
25.7	1825
25.7	2758
25.7	2807
25.7	2928
25.7	2959
25.7	3053
25.7	3071
25.7	3375
25.7	3665
25.7	3782
25.7	3867
25.7	4007
25.7	4126
25.7	4672
25.7	4743
25.7	4960
25.7	4979
25.7	5133
25.7	5331
25.7	5438
25.7	5639
25.7	6176
25.7	6183
25.7	6256
25.7	6547
25.7	6574
25.7	6686
25.7	6687
25.7	7638
25.7	7756
25.7	9145
25.7	9393
25.7	9513
25.7	9759
25.7	9792
25.7	9838
25.7	9861
25.7	9980
25.7	10196
25.7	10783
25.7	10983
25.7	10990
25.7	11277
25.7	11871
25.7	11929
25.7	12353
25.7	13102
25.7	13505
25.7	13865
25.7	14052
25.7	14130
25.7	14354
25.7	14541
25.7	15489
25.8	217
25.8	364
25.8	615
25.8	640
25.8	844
25.8	1372
25.8	1490
25.8	1508
25.8	1723
25.8	1727
25.8	1823
25.8	1918
25.8	1935
25.8	1975
25.8	2086
25.8	2096
25.8	2136
25.8	2481
25.8	2489
25.8	2718
25.8	2913
25.8	3109
25.8	3131
25.8	3262
25.8	3394
25.8	3626
25.8	3774
25.8	4092
25.8	4708
25.8	4934
25.8	5081
25.8	5648
25.8	5715
25.8	5879
25.8	6241
25.8	6532
25.8	6855
25.8	7281
25.8	7460
25.8	7568
25.8	7903
25.8	8630
25.8	8643
25.8	8960
25.8	9257
25.8	9824
25.8	9912
25.8	10284
25.8	10532
25.8	10984
25.8	11189
25.8	11446
25.8	11628
25.8	11639
25.8	11809
25.8	11965
25.8	12442
25.8	12640
25.8	12666
25.8	12686
25.8	13053
25.8	13129
25.8	13188
25.8	13195
25.8	13497
25.8	13683
25.8	13857
25.8	14007
25.8	14210
25.8	14315
25.8	14486
25.8	14574
25.8	14650
25.8	14761
25.8	14793
25.8	14861
25.8	15103
25.8	15234
25.8	15453
25.8	15482
25.8	15674
25.8	15989
25.9	617
25.9	839
25.9	845
25.9	935
25.9	936
25.9	968
25.9	1022
25.9	1787
25.9	1979
25.9	2202
25.9	2219
25.9	2874
25.9	3135
25.9	3164
25.9	3419
25.9	3847
25.9	4325
25.9	4540
25.9	4619
25.9	4884
25.9	4936
25.9	5253
25.9	5313
25.9	5603
25.9	5747
25.9	6051
25.9	6083
25.9	6278
25.9	7581
25.9	7662
25.9	7838
25.9	8069
25.9	8430
25.9	8495
25.9	8598
25.9	8648
25.9	8916
25.9	8997
25.9	9093
25.9	9123
25.9	9222
25.9	9699
25.9	10119
25.9	10139
25.9	10344
25.9	10422
25.9	10732
25.9	11263
25.9	11279
25.9	11412
25.9	11594
25.9	11662
25.9	11700
25.9	11791
25.9	12002
25.9	12113
25.9	12197
25.9	12327
25.9	12435
25.9	12518
25.9	12532
25.9	12948
25.9	13427
25.9	13504
25.9	13688
25.9	13853
25.9	13977
25.9	13994
25.9	14070
25.9	14415
25.9	14746
25.9	15157
25.9	15163
25.9	15197
25.9	15219
25.9	15710
25.9	15846
26	29
26	406
26	608
26	892
26	917
26	1186
26	1221
26	1391
26	1598
26	1670
26	1751
26	1968
26	3472
26	3600
26	4000
26	4127
26	4501
26	4862
26	4947
26	5841
26	6147
26	6238
26	6449
26	6562
26	6627
26	6646
26	6980
26	7251
26	7254
26	7589
26	7785
26	8030
26	8696
26	8917
26	9151
26	9264
26	9577
26	9758
26	9795
26	9859
26	10001
26	10114
26	10330
26	10347
26	10576
26	10959
26	11185
26	11201
26	11240
26	11248
26	11295
26	11350
26	11682
26	11713
26	11863
26	11894
26	11932
26	12015
26	12103
26	12151
26	12167
26	12301
26	12854
26	12938
26	13138
26	13156
26	13753
26	14304
26	14644
26	15060
26	15114
26	15122
26	15250
26	15321
26	15336
26	15416
26	15523
26	15535
26	15677
26	15681
26	15733
26.1	121
26.1	444
26.1	680
26.1	1008
26.1	1055
26.1	1249
26.1	1312
26.1	1440
26.1	1762
26.1	1777
26.1	1986
26.1	2007
26.1	2342
26.1	2363
26.1	2630
26.1	2815
26.1	2876
26.1	3376
26.1	3442
26.1	3481
26.1	3494
26.1	3775
26.1	3907
26.1	4182
26.1	4246
26.1	4448
26.1	4769
26.1	4996
26.1	5191
26.1	5212
26.1	5435
26.1	5625
26.1	5670
26.1	6138
26.1	6194
26.1	6341
26.1	6555
26.1	6859
26.1	6900
26.1	6924
26.1	7201
26.1	7270
26.1	7390
26.1	7591
26.1	7749
26.1	7877
26.1	7930
26.1	8005
26.1	8098
26.1	8414
26.1	8685
26.1	8816
26.1	8910
26.1	8931
26.1	9060
26.1	9166
26.1	9470
26.1	9505
26.1	9512
26.1	9840
26.1	9843
26.1	9915
26.1	10113
26.1	10395
26.1	10498
26.1	10600
26.1	10822
26.1	11637
26.1	11864
26.1	11874
26.1	12016
26.1	12297
26.1	12459
26.1	12474
26.1	12761
26.1	12840
26.1	12884
26.1	13003
26.1	13137
26.1	13328
26.1	13338
26.1	13529
26.1	13647
26.1	13861
26.1	14226
26.1	14424
26.1	14545
26.1	14758
26.1	14948
26.1	15188
26.1	15239
26.1	15258
26.1	15590
26.1	15758
26.1	15895
26.2	90
26.2	255
26.2	322
26.2	349
26.2	633
26.2	916
26.2	945
26.2	1536
26.2	1633
26.2	1712
26.2	1775
26.2	1991
26.2	2104
26.2	2138
26.2	2533
26.2	2969
26.2	3195
26.2	3246
26.2	3275
26.2	3512
26.2	3604
26.2	3830
26.2	3884
26.2	4075
26.2	4267
26.2	4348
26.2	4430
26.2	4559
26.2	4732
26.2	4752
26.2	5005
26.2	5108
26.2	5308
26.2	5427
26.2	5884
26.2	5977
26.2	6123
26.2	6224
26.2	6390
26.2	6409
26.2	6498
26.2	6635
26.2	6766
26.2	6957
26.2	7079
26.2	7290
26.2	7871
26.2	7874
26.2	7895
26.2	8017
26.2	8086
26.2	8446
26.2	8508
26.2	8539
26.2	8867
26.2	9025
26.2	9062
26.2	9653
26.2	9823
26.2	9829
26.2	9847
26.2	10339
26.2	10723
26.2	10922
26.2	10964
26.2	11015
26.2	11052
26.2	11270
26.2	11376
26.2	11407
26.2	11671
26.2	11794
26.2	11933
26.2	11970
26.2	12358
26.2	12395
26.2	12495
26.2	12605
26.2	12793
26.2	13067
26.2	13363
26.2	13498
26.2	13629
26.2	13771
26.2	14287
26.2	14401
26.2	14613
26.2	14727
26.2	14773
26.2	15125
26.2	15283
26.2	15312
26.2	15552
26.2	15844
26.2	15996
26.3	80
26.3	151
26.3	154
26.3	320
26.3	442
26.3	603
26.3	851
26.3	990
26.3	1007
26.3	1085
26.3	1150
26.3	1480
26.3	1486
26.3	1495
26.3	1591
26.3	1767
26.3	1841
26.3	1886
26.3	1938
26.3	1983
26.3	2200
26.3	2474
26.3	2611
26.3	2792
26.3	3000
26.3	3092
26.3	3256
26.3	3308
26.3	3428
26.3	3885
26.3	3931
26.3	4001
26.3	4032
26.3	4151
26.3	4291
26.3	4369
26.3	4375
26.3	4668
26.3	4781
26.3	4900
26.3	4946
26.3	5411
26.3	5765
26.3	5837
26.3	6242
26.3	6452
26.3	6968
26.3	7411
26.3	7483
26.3	7485
26.3	7714
26.3	8124
26.3	8149
26.3	8154
26.3	8633
26.3	8699
26.3	8920
26.3	8932
26.3	9135
26.3	9147
26.3	9161
26.3	9644
26.3	10410
26.3	10445
26.3	10520
26.3	10621
26.3	10970
26.3	11387
26.3	11433
26.3	11668
26.3	11816
26.3	11854
26.3	12040
26.3	12094
26.3	12237
26.3	12240
26.3	12574
26.3	12635
26.3	12636
26.3	12650
26.3	12693
26.3	12924
26.3	13073
26.3	13077
26.3	13109
26.3	13202
26.3	13285
26.3	13292
26.3	13350
26.3	13632
26.3	13674
26.3	13699
26.3	14067
26.3	14116
26.3	14142
26.3	14193
26.3	14383
26.3	14731
26.3	14774
26.3	14882
26.3	15003
26.3	15150
26.3	15166
26.3	15277
26.3	15557
26.3	15627
26.3	15747
26.3	15888
26.4	36
26.4	174
26.4	193
26.4	291
26.4	338
26.4	417
26.4	469
26.4	782
26.4	838
26.4	1049
26.4	1065
26.4	1248
26.4	1487
26.4	1491
26.4	1512
26.4	1615
26.4	1616
26.4	1744
26.4	1906
26.4	1909
26.4	2154
26.4	2294
26.4	2531
26.4	2704
26.4	2904
26.4	2994
26.4	3010
26.4	3088
26.4	3383
26.4	3483
26.4	3811
26.4	3950
26.4	4116
26.4	4308
26.4	4423
26.4	4480
26.4	4504
26.4	4529
26.4	4592
26.4	4599
26.4	4611
26.4	4660
26.4	5052
26.4	5093
26.4	5167
26.4	5173
26.4	5251
26.4	5478
26.4	5530
26.4	5593
26.4	5859
26.4	5902
26.4	6032
26.4	6060
26.4	6249
26.4	6268
26.4	6280
26.4	6451
26.4	6493
26.4	6552
26.4	6606
26.4	6657
26.4	7275
26.4	7294
26.4	7360
26.4	7439
26.4	7891
26.4	8050
26.4	8209
26.4	8226
26.4	8240
26.4	8267
26.4	8336
26.4	8375
26.4	8417
26.4	8871
26.4	9010
26.4	9336
26.4	9360
26.4	9412
26.4	9420
26.4	9610
26.4	10158
26.4	10170
26.4	10446
26.4	10461
26.4	10726
26.4	10921
26.4	11018
26.4	11695
26.4	11719
26.4	12069
26.4	12175
26.4	12477
26.4	12501
26.4	12688
26.4	13013
26.4	13257
26.4	13334
26.4	13459
26.4	13460
26.4	13519
26.4	13662
26.4	13764
26.4	13834
26.4	13846
26.4	14148
26.4	14264
26.4	14270
26.4	14438
26.4	14490
26.4	14733
26.4	14786
26.4	14831
26.4	15257
26.4	15307
26.4	15536
26.4	15691
26.4	15706
26.4	15953
26.5	128
26.5	156
26.5	209
26.5	352
26.5	462
26.5	518
26.5	623
26.5	636
26.5	641
26.5	654
26.5	729
26.5	1000
26.5	1086
26.5	1163
26.5	1190
26.5	1213
26.5	1240
26.5	1250
26.5	1314
26.5	1323
26.5	1422
26.5	1647
26.5	1783
26.5	1910
26.5	1911
26.5	1946
26.5	2065
26.5	2172
26.5	2208
26.5	2337
26.5	2484
26.5	2808
26.5	2846
26.5	2911
26.5	3018
26.5	3168
26.5	3250
26.5	3387
26.5	3455
26.5	3475
26.5	3582
26.5	3671
26.5	3747
26.5	4016
26.5	4276
26.5	4600
26.5	4657
26.5	4967
26.5	4970
26.5	5006
26.5	5077
26.5	5163
26.5	5220
26.5	5275
26.5	5289
26.5	5299
26.5	5423
26.5	5550
26.5	5779
26.5	5924
26.5	6117
26.5	6347
26.5	6424
26.5	6762
26.5	7108
26.5	7232
26.5	7453
26.5	7564
26.5	7669
26.5	7703
26.5	7933
26.5	8117
26.5	8193
26.5	8280
26.5	8568
26.5	8781
26.5	8856
26.5	8927
26.5	9096
26.5	9175
26.5	9223
26.5	9440
26.5	9455
26.5	9486
26.5	9501
26.5	9517
26.5	9957
26.5	10438
26.5	10679
26.5	11090
26.5	11205
26.5	11319
26.5	11344
26.5	11438
26.5	11460
26.5	11508
26.5	11638
26.5	11643
26.5	11784
26.5	11805
26.5	11823
26.5	12011
26.5	12037
26.5	12155
26.5	12207
26.5	12213
26.5	12690
26.5	12766
26.5	12808
26.5	12895
26.5	12949
26.5	12964
26.5	13620
26.5	13701
26.5	13757
26.5	14205
26.5	14275
26.5	14327
26.5	14363
26.5	14805
26.5	15097
26.5	15148
26.5	15196
26.5	15243
26.5	15253
26.5	15518
26.5	15697
26.5	15774
26.5	15914
26.5	15927
26.6	60
26.6	323
26.6	661
26.6	675
26.6	759
26.6	787
26.6	896
26.6	1080
26.6	1170
26.6	1511
26.6	1581
26.6	1959
26.6	2046
26.6	2148
26.6	2280
26.6	2283
26.6	2783
26.6	2862
26.6	2914
26.6	2935
26.6	2968
26.6	3136
26.6	3278
26.6	3374
26.6	3645
26.6	3755
26.6	3858
26.6	4068
26.6	4288
26.6	4518
26.6	4607
26.6	4658
26.6	4730
26.6	4767
26.6	4997
26.6	5113
26.6	5156
26.6	5171
26.6	5245
26.6	5248
26.6	5290
26.6	5316
26.6	5366
26.6	5396
26.6	5413
26.6	5415
26.6	5645
26.6	6423
26.6	6463
26.6	6474
26.6	6585
26.6	6769
26.6	7107
26.6	7144
26.6	7173
26.6	7456
26.6	7794
26.6	7834
26.6	7943
26.6	7985
26.6	8577
26.6	8597
26.6	8691
26.6	9053
26.6	9154
26.6	9168
26.6	9353
26.6	9525
26.6	9983
26.6	10180
26.6	10282
26.6	10288
26.6	10489
26.6	10525
26.6	10579
26.6	10786
26.6	10803
26.6	11202
26.6	11216
26.6	11377
26.6	11482
26.6	11502
26.6	11506
26.6	11724
26.6	11839
26.6	11859
26.6	12148
26.6	12279
26.6	12530
26.6	12548
26.6	12589
26.6	12987
26.6	13064
26.6	13086
26.6	13108
26.6	13147
26.6	13374
26.6	13478
26.6	13651
26.6	13668
26.6	13734
26.6	13923
26.6	14162
26.6	14390
26.6	14420
26.6	14448
26.6	14772
26.6	14810
26.6	15090
26.6	15162
26.6	15208
26.6	15461
26.6	15626
26.6	15653
26.6	15828
26.7	133
26.7	146
26.7	310
26.7	321
26.7	432
26.7	716
26.7	793
26.7	798
26.7	860
26.7	893
26.7	1023
26.7	1084
26.7	1191
26.7	1251
26.7	1276
26.7	1420
26.7	1507
26.7	1715
26.7	1806
26.7	1879
26.7	2079
26.7	2201
26.7	2203
26.7	2288
26.7	2311
26.7	2333
26.7	2382
26.7	2447
26.7	2830
26.7	3213
26.7	3432
26.7	3704
26.7	3876
26.7	3980
26.7	4313
26.7	4387
26.7	4508
26.7	4614
26.7	4665
26.7	4773
26.7	5074
26.7	5221
26.7	5269
26.7	5323
26.7	5393
26.7	5409
26.7	5579
26.7	5891
26.7	5929
26.7	5942
26.7	6581
26.7	6656
26.7	6722
26.7	6785
26.7	6802
26.7	6991
26.7	7038
26.7	7064
26.7	7135
26.7	7353
26.7	7745
26.7	7955
26.7	7994
26.7	8060
26.7	8126
26.7	8550
26.7	8569
26.7	8761
26.7	8789
26.7	8828
26.7	9097
26.7	9322
26.7	9394
26.7	9522
26.7	9634
26.7	9786
26.7	9803
26.7	9955
26.7	10033
26.7	10251
26.7	10393
26.7	10533
26.7	10565
26.7	10680
26.7	10704
26.7	10925
26.7	11021
26.7	11164
26.7	11288
26.7	11320
26.7	11332
26.7	11400
26.7	11425
26.7	11435
26.7	11588
26.7	11627
26.7	11697
26.7	11812
26.7	11847
26.7	12061
26.7	12352
26.7	12509
26.7	12535
26.7	12630
26.7	12678
26.7	12751
26.7	12757
26.7	13143
26.7	13797
26.7	13935
26.7	14103
26.7	14283
26.7	14386
26.7	14427
26.7	14443
26.7	14475
26.7	14480
26.7	15020
26.7	15106
26.7	15235
26.7	15414
26.7	15506
26.7	15629
26.7	15887
26.8	272
26.8	295
26.8	357
26.8	465
26.8	599
26.8	738
26.8	800
26.8	907
26.8	949
26.8	964
26.8	1018
26.8	1374
26.8	1634
26.8	1945
26.8	2035
26.8	2176
26.8	2231
26.8	2241
26.8	2528
26.8	2569
26.8	3008
26.8	3034
26.8	3076
26.8	3298
26.8	3433
26.8	3556
26.8	3761
26.8	3815
26.8	3983
26.8	4019
26.8	4199
26.8	4425
26.8	4548
26.8	4691
26.8	4754
26.8	4891
26.8	4999
26.8	5146
26.8	5408
26.8	5581
26.8	5701
26.8	5799
26.8	5883
26.8	5894
26.8	6038
26.8	6116
26.8	6158
26.8	6434
26.8	6534
26.8	6595
26.8	7203
26.8	7244
26.8	7438
26.8	7675
26.8	8070
26.8	8074
26.8	8148
26.8	8697
26.8	8719
26.8	8741
26.8	8873
26.8	8900
26.8	9200
26.8	9396
26.8	9560
26.8	9620
26.8	9721
26.8	9976
26.8	10066
26.8	10247
26.8	10457
26.8	10462
26.8	10638
26.8	10640
26.8	10793
26.8	10824
26.8	10857
26.8	10961
26.8	10991
26.8	11012
26.8	11196
26.8	11234
26.8	11293
26.8	11330
26.8	11353
26.8	11439
26.8	11557
26.8	11582
26.8	11596
26.8	11614
26.8	11790
26.8	11814
26.8	11954
26.8	11966
26.8	11968
26.8	11982
26.8	12042
26.8	12074
26.8	12149
26.8	12220
26.8	12244
26.8	12391
26.8	12593
26.8	12617
26.8	12670
26.8	12904
26.8	13036
26.8	13076
26.8	13260
26.8	13315
26.8	13365
26.8	13397
26.8	13527
26.8	13528
26.8	13656
26.8	13685
26.8	13756
26.8	13770
26.8	13814
26.8	13827
26.8	14054
26.8	14261
26.8	14546
26.8	14592
26.8	14858
26.8	15039
26.8	15159
26.8	15420
26.8	15459
26.8	15508
26.8	15540
26.8	15547
26.8	15727
26.9	37
26.9	43
26.9	112
26.9	467
26.9	527
26.9	714
26.9	731
26.9	897
26.9	983
26.9	1090
26.9	1226
26.9	1239
26.9	1243
26.9	1335
26.9	1498
26.9	1535
26.9	1557
26.9	1570
26.9	1679
26.9	1681
26.9	1685
26.9	1927
26.9	2087
26.9	2310
26.9	2334
26.9	2354
26.9	2507
26.9	2851
26.9	2919
26.9	3307
26.9	3348
26.9	3450
26.9	3629
26.9	3681
26.9	3922
26.9	4512
26.9	4580
26.9	4618
26.9	4638
26.9	4792
26.9	4851
26.9	5430
26.9	5611
26.9	5681
26.9	5828
26.9	5882
26.9	5955
26.9	5971
26.9	5998
26.9	6229
26.9	6354
26.9	6605
26.9	6747
26.9	6803
26.9	6926
26.9	7017
26.9	7097
26.9	7373
26.9	7430
26.9	7508
26.9	7537
26.9	7649
26.9	7750
26.9	7806
26.9	7865
26.9	7941
26.9	7979
26.9	8406
26.9	8468
26.9	8603
26.9	8689
26.9	8808
26.9	8809
26.9	8883
26.9	9355
26.9	9744
26.9	9763
26.9	10046
26.9	10157
26.9	10241
26.9	10749
26.9	10763
26.9	10777
26.9	10916
26.9	11019
26.9	11061
26.9	11103
26.9	11579
26.9	11723
26.9	12020
26.9	12064
26.9	12088
26.9	12132
26.9	12624
26.9	12638
26.9	12722
26.9	12745
26.9	12803
26.9	12988
26.9	13008
26.9	13029
26.9	13125
26.9	13472
26.9	13496
26.9	13615
26.9	13643
26.9	13691
26.9	13761
26.9	13820
26.9	13925
26.9	13963
26.9	13967
26.9	13993
26.9	14110
26.9	14769
26.9	14956
26.9	15153
26.9	15214
26.9	15720
26.9	15807
26.9	15877
26.9	15882
26.9	15898
26.9	15946
26.9	15974
27	220
27	453
27	576
27	619
27	668
27	870
27	1140
27	1208
27	1247
27	1601
27	1831
27	1971
27	2018
27	2057
27	2111
27	2179
27	2525
27	2732
27	2767
27	2775
27	2798
27	2817
27	3063
27	3100
27	3264
27	3293
27	3342
27	3832
27	3881
27	4245
27	4293
27	4467
27	4497
27	4838
27	4917
27	4955
27	5080
27	5122
27	5523
27	5853
27	5901
27	6044
27	6066
27	6132
27	6198
27	6260
27	6325
27	6357
27	6469
27	7028
27	7066
27	7095
27	7178
27	7560
27	7660
27	7790
27	7901
27	8155
27	8163
27	8590
27	8609
27	8885
27	9495
27	9865
27	9970
27	10322
27	10338
27	10437
27	10795
27	11211
27	11447
27	11463
27	11959
27	12748
27	12873
27	13083
27	13182
27	13346
27	13405
27	13537
27	13593
27	13818
27	13856
27	13897
27	13990
27	14398
27	14457
27	14608
27	14710
27	15129
27	15212
27	15403
27	15546
27	15636
27	15830
27	15931
27.1	14
27.1	167
27.1	597
27.1	704
27.1	832
27.1	904
27.1	1135
27.1	1404
27.1	1521
27.1	1575
27.1	1622
27.1	1894
27.1	2033
27.1	2099
27.1	2180
27.1	2390
27.1	2565
27.1	2828
27.1	2961
27.1	3042
27.1	3161
27.1	3445
27.1	3610
27.1	3929
27.1	4343
27.1	4566
27.1	4591
27.1	5204
27.1	5264
27.1	5405
27.1	5451
27.1	5525
27.1	5555
27.1	5717
27.1	6007
27.1	6118
27.1	6193
27.1	6680
27.1	6732
27.1	6758
27.1	7005
27.1	7043
27.1	7111
27.1	7271
27.1	7307
27.1	7335
27.1	7403
27.1	7404
27.1	7526
27.1	7798
27.1	7932
27.1	8051
27.1	8395
27.1	8457
27.1	8474
27.1	8481
27.1	8773
27.1	8802
27.1	9073
27.1	9307
27.1	9438
27.1	9842
27.1	9994
27.1	10233
27.1	10290
27.1	10301
27.1	10337
27.1	10444
27.1	10467
27.1	10663
27.1	10738
27.1	10779
27.1	11028
27.1	11314
27.1	11393
27.1	11440
27.1	11441
27.1	11450
27.1	11475
27.1	11625
27.1	12010
27.1	12041
27.1	12081
27.1	12280
27.1	12373
27.1	12700
27.1	12936
27.1	12996
27.1	13359
27.1	13799
27.1	13876
27.1	14208
27.1	14640
27.1	15325
27.1	15333
27.1	15434
27.1	15435
27.1	15477
27.1	15754
27.1	15907
27.1	15964
27.2	28
27.2	353
27.2	419
27.2	582
27.2	655
27.2	662
27.2	694
27.2	727
27.2	922
27.2	927
27.2	989
27.2	1062
27.2	1120
27.2	1136
27.2	1174
27.2	1258
27.2	1359
27.2	1456
27.2	1691
27.2	1693
27.2	1977
27.2	2223
27.2	2259
27.2	2730
27.2	2748
27.2	3022
27.2	3589
27.2	3742
27.2	3802
27.2	3928
27.2	3956
27.2	3998
27.2	4283
27.2	4335
27.2	4557
27.2	4623
27.2	4937
27.2	5107
27.2	5291
27.2	5398
27.2	5495
27.2	5567
27.2	5583
27.2	5660
27.2	5790
27.2	6010
27.2	6088
27.2	6109
27.2	6171
27.2	6247
27.2	6410
27.2	6413
27.2	6697
27.2	6744
27.2	6814
27.2	6832
27.2	7155
27.2	7216
27.2	7641
27.2	7897
27.2	7912
27.2	8150
27.2	8175
27.2	8236
27.2	8301
27.2	8334
27.2	8434
27.2	8611
27.2	8748
27.2	8762
27.2	8790
27.2	9148
27.2	9153
27.2	9253
27.2	9601
27.2	9646
27.2	9730
27.2	10356
27.2	10510
27.2	10669
27.2	10787
27.2	10791
27.2	10829
27.2	10848
27.2	11078
27.2	11172
27.2	11213
27.2	11284
27.2	11311
27.2	11530
27.2	11551
27.2	11664
27.2	11669
27.2	11734
27.2	11828
27.2	11950
27.2	12272
27.2	12282
27.2	12385
27.2	12514
27.2	12676
27.2	12712
27.2	12746
27.2	12799
27.2	13031
27.2	13059
27.2	13377
27.2	13392
27.2	13415
27.2	13421
27.2	13428
27.2	13634
27.2	13902
27.2	14020
27.2	14909
27.2	15058
27.2	15605
27.2	15667
27.2	15749
27.2	15856
27.3	33
27.3	254
27.3	351
27.3	359
27.3	366
27.3	367
27.3	375
27.3	642
27.3	802
27.3	1035
27.3	1617
27.3	1638
27.3	1654
27.3	1934
27.3	1953
27.3	2504
27.3	2567
27.3	2917
27.3	2972
27.3	3035
27.3	3316
27.3	3579
27.3	4419
27.3	4758
27.3	4879
27.3	4939
27.3	5029
27.3	5176
27.3	5282
27.3	5371
27.3	5436
27.3	5442
27.3	5516
27.3	5784
27.3	5949
27.3	5975
27.3	6043
27.3	6120
27.3	6418
27.3	6609
27.3	6645
27.3	6866
27.3	6952
27.3	7067
27.3	7086
27.3	7397
27.3	7408
27.3	7422
27.3	7699
27.3	7719
27.3	7923
27.3	7976
27.3	8101
27.3	8102
27.3	8188
27.3	8857
27.3	8884
27.3	9298
27.3	9596
27.3	9609
27.3	9611
27.3	9696
27.3	9702
27.3	9906
27.3	9913
27.3	10341
27.3	10574
27.3	10716
27.3	10731
27.3	10982
27.3	11016
27.3	11245
27.3	11264
27.3	11333
27.3	11341
27.3	11686
27.3	11911
27.3	12086
27.3	12224
27.3	12248
27.3	12311
27.3	13229
27.3	13403
27.3	13426
27.3	13471
27.3	13845
27.3	13995
27.3	14004
27.3	14075
27.3	14213
27.3	14299
27.3	14409
27.3	14565
27.3	14865
27.3	14971
27.3	15124
27.3	15456
27.3	15848
27.3	15880
27.3	15988
27.4	3
27.4	771
27.4	859
27.4	1045
27.4	1366
27.4	1468
27.4	1755
27.4	2005
27.4	2127
27.4	2320
27.4	2534
27.4	3153
27.4	3232
27.4	3338
27.4	3686
27.4	3721
27.4	3904
27.4	3985
27.4	4025
27.4	4155
27.4	4203
27.4	4227
27.4	4294
27.4	4413
27.4	4664
27.4	4719
27.4	4855
27.4	4943
27.4	4949
27.4	5042
27.4	5103
27.4	5150
27.4	5178
27.4	5218
27.4	5247
27.4	5368
27.4	5577
27.4	5606
27.4	5714
27.4	6008
27.4	6179
27.4	6382
27.4	6385
27.4	6471
27.4	6490
27.4	6539
27.4	6558
27.4	6593
27.4	6611
27.4	6655
27.4	6845
27.4	7600
27.4	7848
27.4	8462
27.4	8584
27.4	8990
27.4	9254
27.4	9707
27.4	9737
27.4	10111
27.4	10149
27.4	10558
27.4	10656
27.4	10805
27.4	10887
27.4	10898
27.4	11308
27.4	11578
27.4	11677
27.4	11687
27.4	12116
27.4	12215
27.4	12555
27.4	12604
27.4	12734
27.4	12843
27.4	12857
27.4	12961
27.4	13148
27.4	13288
27.4	13463
27.4	13514
27.4	13531
27.4	13630
27.4	14166
27.4	14217
27.4	14796
27.4	14999
27.4	15022
27.4	15098
27.4	15198
27.4	15345
27.4	15520
27.4	15567
27.4	15620
27.4	15623
27.5	612
27.5	724
27.5	760
27.5	779
27.5	1097
27.5	1282
27.5	1434
27.5	1451
27.5	1657
27.5	2270
27.5	2435
27.5	2682
27.5	3067
27.5	3236
27.5	3355
27.5	3530
27.5	3554
27.5	3628
27.5	3918
27.5	4014
27.5	4055
27.5	4080
27.5	4125
27.5	4390
27.5	4562
27.5	4575
27.5	4577
27.5	4622
27.5	4663
27.5	4676
27.5	4961
27.5	5043
27.5	5104
27.5	5314
27.5	5433
27.5	5457
27.5	5462
27.5	5502
27.5	5682
27.5	5910
27.5	6470
27.5	6482
27.5	6658
27.5	6930
27.5	6993
27.5	7651
27.5	7995
27.5	8072
27.5	8578
27.5	8639
27.5	8668
27.5	8717
27.5	8795
27.5	9569
27.5	9694
27.5	9720
27.5	9938
27.5	10071
27.5	10103
27.5	10118
27.5	10468
27.5	10515
27.5	10577
27.5	10784
27.5	11064
27.5	11152
27.5	11533
27.5	11780
27.5	12007
27.5	12054
27.5	12312
27.5	12328
27.5	12591
27.5	12615
27.5	13069
27.5	13199
27.5	13445
27.5	13842
27.5	14051
27.5	14082
27.5	14105
27.5	14204
27.5	14357
27.5	14542
27.5	14850
27.5	14995
27.5	15017
27.5	15043
27.5	15179
27.5	15183
27.5	15232
27.5	15400
27.5	15637
27.5	15642
27.5	15984
27.6	275
27.6	552
27.6	754
27.6	820
27.6	890
27.6	944
27.6	1719
27.6	2003
27.6	2184
27.6	2291
27.6	2317
27.6	2925
27.6	2945
27.6	3060
27.6	3143
27.6	3186
27.6	3225
27.6	3366
27.6	3578
27.6	3647
27.6	3790
27.6	3843
27.6	4106
27.6	4202
27.6	4714
27.6	5145
27.6	5284
27.6	5709
27.6	5792
27.6	6006
27.6	6076
27.6	6162
27.6	6561
27.6	6567
27.6	6736
27.6	6759
27.6	6765
27.6	7471
27.6	7499
27.6	7603
27.6	7720
27.6	8202
27.6	8558
27.6	9258
27.6	9784
27.6	10064
27.6	10132
27.6	10623
27.6	10631
27.6	10672
27.6	10834
27.6	10950
27.6	11209
27.6	11334
27.6	11348
27.6	11620
27.6	11941
27.6	12127
27.6	12185
27.6	12193
27.6	12219
27.6	12490
27.6	12557
27.6	12756
27.6	12768
27.6	12800
27.6	13016
27.6	13033
27.6	13166
27.6	13418
27.6	13854
27.6	14093
27.6	14437
27.6	14548
27.6	14575
27.6	14658
27.6	14757
27.6	14809
27.6	14912
27.6	14922
27.6	15233
27.6	15303
27.6	15351
27.6	15419
27.6	15501
27.6	15534
27.6	15879
27.6	15945
27.6	15993
27.6	15995
27.7	150
27.7	300
27.7	521
27.7	987
27.7	1091
27.7	1202
27.7	1264
27.7	1318
27.7	1687
27.7	1830
27.7	1931
27.7	2221
27.7	2500
27.7	2549
27.7	2676
27.7	3134
27.7	3230
27.7	3417
27.7	3642
27.7	3759
27.7	3805
27.7	4063
27.7	4209
27.7	4463
27.7	4634
27.7	4848
27.7	5050
27.7	5174
27.7	5649
27.7	5710
27.7	5825
27.7	5842
27.7	6082
27.7	6432
27.7	6580
27.7	6725
27.7	6955
27.7	7243
27.7	7372
27.7	7811
27.7	8056
27.7	8277
27.7	9009
27.7	9040
27.7	9218
27.7	9555
27.7	10063
27.7	10081
27.7	10130
27.7	10735
27.7	10978
27.7	11291
27.7	11343
27.7	11432
27.7	11500
27.7	11519
27.7	11703
27.7	11892
27.7	12263
27.7	12323
27.7	12571
27.7	12951
27.7	12966
27.7	13040
27.7	13103
27.7	13535
27.7	13599
27.7	13745
27.7	13868
27.7	14081
27.7	14463
27.7	14534
27.7	15119
27.7	15195
27.7	15259
27.7	15329
27.7	15617
27.7	15790
27.7	15812
27.7	15932
27.7	15954
27.8	23
27.8	119
27.8	679
27.8	1342
27.8	1350
27.8	1788
27.8	1952
27.8	2088
27.8	2190
27.8	2214
27.8	2391
27.8	2445
27.8	2853
27.8	2860
27.8	3082
27.8	3699
27.8	3906
27.8	3952
27.8	4002
27.8	4331
27.8	4411
27.8	4450
27.8	4552
27.8	4717
27.8	4780
27.8	4812
27.8	5300
27.8	5469
27.8	5700
27.8	5753
27.8	5758
27.8	5870
27.8	5932
27.8	6136
27.8	6778
27.8	6815
27.8	6863
27.8	6928
27.8	7220
27.8	7535
27.8	7711
27.8	7799
27.8	8038
27.8	8120
27.8	8190
27.8	8207
27.8	8794
27.8	8907
27.8	9201
27.8	9299
27.8	9416
27.8	9583
27.8	9622
27.8	9670
27.8	9816
27.8	9937
27.8	10059
27.8	10686
27.8	10879
27.8	11109
27.8	11224
27.8	11256
27.8	11392
27.8	11505
27.8	11510
27.8	11634
27.8	11749
27.8	12409
27.8	12554
27.8	12845
27.8	13224
27.8	13490
27.8	13681
27.8	13716
27.8	13730
27.8	13810
27.8	14016
27.8	14279
27.8	14294
27.8	14471
27.8	14531
27.8	15075
27.8	15302
27.8	15317
27.8	15347
27.8	15350
27.8	15443
27.8	15875
27.8	15910
27.9	82
27.9	560
27.9	651
27.9	713
27.9	872
27.9	1146
27.9	1205
27.9	1216
27.9	1284
27.9	1347
27.9	1520
27.9	1797
27.9	2185
27.9	2559
27.9	2667
27.9	3731
27.9	4314
27.9	4471
27.9	4549
27.9	4844
27.9	4926
27.9	5040
27.9	5216
27.9	5255
27.9	5354
27.9	5560
27.9	5605
27.9	5851
27.9	5927
27.9	6042
27.9	6054
27.9	6135
27.9	6236
27.9	6461
27.9	6696
27.9	6807
27.9	7320
27.9	7536
27.9	7842
27.9	7907
27.9	7911
27.9	7929
27.9	8181
27.9	8247
27.9	8449
27.9	8713
27.9	9700
27.9	10195
27.9	10449
27.9	10469
27.9	10537
27.9	10647
27.9	10966
27.9	11253
27.9	11418
27.9	11468
27.9	11916
27.9	11976
27.9	12060
27.9	12820
27.9	12918
27.9	12931
27.9	12944
27.9	12945
27.9	13124
27.9	13697
27.9	13877
27.9	14496
27.9	15147
27.9	15332
27.9	15495
27.9	15784
27.9	15885
28	312
28	742
28	767
28	973
28	1333
28	1756
28	1877
28	2074
28	2218
28	2303
28	2412
28	2637
28	2646
28	2720
28	3242
28	3667
28	3822
28	4050
28	4586
28	4608
28	4908
28	5038
28	5085
28	5185
28	5190
28	5362
28	5708
28	5767
28	5987
28	6200
28	6549
28	6560
28	7237
28	7396
28	7399
28	7800
28	7804
28	8168
28	8331
28	8339
28	8377
28	8585
28	8720
28	9450
28	9464
28	9740
28	9793
28	10250
28	10432
28	10560
28	10572
28	10642
28	10761
28	10768
28	10804
28	11092
28	11095
28	11194
28	11322
28	11364
28	11885
28	11887
28	11988
28	12853
28	13261
28	13278
28	13561
28	13637
28	13648
28	13689
28	13739
28	13906
28	13921
28	14124
28	14197
28	14784
28	14830
28	14943
28	15004
28	15249
28	15806
28.1	152
28.1	551
28.1	587
28.1	853
28.1	1069
28.1	1304
28.1	1493
28.1	1608
28.1	1699
28.1	1908
28.1	2274
28.1	2514
28.1	2788
28.1	3182
28.1	3229
28.1	3326
28.1	3627
28.1	3689
28.1	3873
28.1	3919
28.1	4836
28.1	4880
28.1	5095
28.1	5138
28.1	5144
28.1	5302
28.1	5548
28.1	5655
28.1	5756
28.1	5815
28.1	5868
28.1	6212
28.1	6454
28.1	6551
28.1	6977
28.1	7464
28.1	7759
28.1	7803
28.1	7947
28.1	8323
28.1	8404
28.1	8552
28.1	8559
28.1	8757
28.1	8860
28.1	8890
28.1	9642
28.1	9858
28.1	10153
28.1	10174
28.1	10285
28.1	10430
28.1	10571
28.1	10585
28.1	10894
28.1	11038
28.1	11613
28.1	11732
28.1	11837
28.1	11922
28.1	12362
28.1	13746
28.1	13940
28.1	13948
28.1	13956
28.1	14043
28.1	14555
28.1	14754
28.1	14959
28.1	15309
28.1	15352
28.1	15860
28.1	15864
28.1	15963
28.2	103
28.2	110
28.2	415
28.2	544
28.2	1141
28.2	1430
28.2	1611
28.2	1680
28.2	1838
28.2	2019
28.2	2240
28.2	2286
28.2	2290
28.2	2542
28.2	3279
28.2	3296
28.2	3369
28.2	3694
28.2	3835
28.2	3864
28.2	4141
28.2	4148
28.2	4877
28.2	4938
28.2	4963
28.2	5157
28.2	5159
28.2	5588
28.2	6381
28.2	6393
28.2	6864
28.2	7755
28.2	7989
28.2	8290
28.2	8705
28.2	8783
28.2	8840
28.2	9050
28.2	9229
28.2	9477
28.2	9490
28.2	9558
28.2	10253
28.2	11000
28.2	11219
28.2	11252
28.2	11408
28.2	11735
28.2	11930
28.2	12598
28.2	12653
28.2	12804
28.2	12998
28.2	13610
28.2	14000
28.2	14296
28.2	14451
28.2	14687
28.2	15899
28.3	32
28.3	123
28.3	493
28.3	1001
28.3	1171
28.3	1268
28.3	1337
28.3	1619
28.3	1707
28.3	1808
28.3	2269
28.3	2318
28.3	2503
28.3	3198
28.3	3202
28.3	3295
28.3	3625
28.3	3886
28.3	3960
28.3	4026
28.3	4028
28.3	4099
28.3	4323
28.3	4833
28.3	5065
28.3	5136
28.3	5195
28.3	5272
28.3	5536
28.3	5628
28.3	5796
28.3	5991
28.3	6462
28.3	6724
28.3	6830
28.3	7359
28.3	7378
28.3	7410
28.3	7608
28.3	8020
28.3	8604
28.3	8694
28.3	9014
28.3	9076
28.3	9208
28.3	9725
28.3	10289
28.3	10736
28.3	10812
28.3	10967
28.3	11618
28.3	11799
28.3	12005
28.3	12153
28.3	12517
28.3	12645
28.3	12691
28.3	12832
28.3	13200
28.3	13324
28.3	13576
28.3	13881
28.3	13893
28.3	14053
28.3	14330
28.3	14393
28.3	14492
28.3	14987
28.3	15026
28.3	15101
28.3	15284
28.3	15481
28.3	15577
28.3	15593
28.4	137
28.4	707
28.4	1010
28.4	1308
28.4	1716
28.4	1924
28.4	2340
28.4	2425
28.4	2666
28.4	2674
28.4	3477
28.4	3527
28.4	3609
28.4	3844
28.4	3890
28.4	4008
28.4	4115
28.4	4146
28.4	5135
28.4	5465
28.4	5540
28.4	5653
28.4	5705
28.4	5789
28.4	6253
28.4	6263
28.4	6361
28.4	6433
28.4	6509
28.4	6523
28.4	6801
28.4	6847
28.4	7365
28.4	7833
28.4	8445
28.4	8485
28.4	8979
28.4	9227
28.4	9266
28.4	9331
28.4	9562
28.4	10140
28.4	10292
28.4	10662
28.4	10965
28.4	10973
28.4	11042
28.4	11318
28.4	11574
28.4	11856
28.4	11919
28.4	11939
28.4	12056
28.4	12172
28.4	12580
28.4	12648
28.4	12753
28.4	13020
28.4	13211
28.4	14516
28.4	14537
28.4	14553
28.4	14693
28.4	14963
28.5	0
28.5	485
28.5	659
28.5	929
28.5	999
28.5	1474
28.5	1501
28.5	1963
28.5	2144
28.5	2242
28.5	2394
28.5	2555
28.5	3097
28.5	3283
28.5	4221
28.5	4456
28.5	4806
28.5	4929
28.5	5286
28.5	5347
28.5	5848
28.5	6245
28.5	6535
28.5	6774
28.5	6840
28.5	6971
28.5	7289
28.5	7547
28.5	8014
28.5	8032
28.5	8068
28.5	8325
28.5	8326
28.5	8373
28.5	8411
28.5	8706
28.5	9312
28.5	10269
28.5	11363
28.5	11764
28.5	11787
28.5	12355
28.5	12443
28.5	12709
28.5	13208
28.5	13231
28.5	13286
28.5	13633
28.5	14663
28.5	15297
28.5	15418
28.6	236
28.6	531
28.6	1193
28.6	1200
28.6	1672
28.6	1705
28.6	2415
28.6	3215
28.6	3274
28.6	3656
28.6	3750
28.6	3903
28.6	4169
28.6	4760
28.6	4886
28.6	5105
28.6	5271
28.6	5480
28.6	5989
28.6	6603
28.6	6652
28.6	7147
28.6	7888
28.6	7968
28.6	8156
28.6	8350
28.6	8793
28.6	8894
28.6	8940
28.6	9269
28.6	9283
28.6	9869
28.6	9965
28.6	10129
28.6	10474
28.6	10592
28.6	10650
28.6	10718
28.6	10727
28.6	11212
28.6	11600
28.6	11845
28.6	12109
28.6	12550
28.6	12851
28.6	13279
28.6	13355
28.6	13387
28.6	13520
28.6	13720
28.6	14295
28.6	14483
28.6	14829
28.6	15641
28.6	15782
28.7	69
28.7	182
28.7	199
28.7	287
28.7	301
28.7	356
28.7	658
28.7	1905
28.7	2070
28.7	2877
28.7	2970
28.7	3083
28.7	3718
28.7	4830
28.7	5031
28.7	5677
28.7	5895
28.7	6170
28.7	6302
28.7	6629
28.7	6777
28.7	7161
28.7	8012
28.7	8052
28.7	8099
28.7	8109
28.7	8503
28.7	8980
28.7	9255
28.7	9567
28.7	9591
28.7	10086
28.7	10220
28.7	10548
28.7	10556
28.7	10910
28.7	11299
28.7	11515
28.7	11688
28.7	12222
28.7	12390
28.7	12883
28.7	12894
28.7	12946
28.7	14433
28.7	14536
28.7	14614
28.7	14714
28.7	14904
28.7	14988
28.7	15042
28.7	15389
28.7	15427
28.7	15646
28.7	15809
28.7	15894
28.7	15985
28.8	283
28.8	451
28.8	1184
28.8	1531
28.8	1857
28.8	3090
28.8	3320
28.8	3611
28.8	3675
28.8	4162
28.8	4447
28.8	4506
28.8	5087
28.8	5210
28.8	5808
28.8	5849
28.8	6464
28.8	6893
28.8	6960
28.8	7426
28.8	7760
28.8	7796
28.8	8031
28.8	8271
28.8	8849
28.8	9441
28.8	9797
28.8	10148
28.8	11191
28.8	11226
28.8	11246
28.8	11329
28.8	11560
28.8	11655
28.8	11876
28.8	11909
28.8	12091
28.8	12562
28.8	12749
28.8	13223
28.8	13530
28.8	14010
28.8	14789
28.8	15221
28.8	15226
28.8	15772
28.9	31
28.9	448
28.9	769
28.9	1516
28.9	1688
28.9	1794
28.9	1887
28.9	2161
28.9	2566
28.9	2923
28.9	2954
28.9	3752
28.9	3808
28.9	4482
28.9	4527
28.9	4621
28.9	5473
28.9	5573
28.9	5576
28.9	6663
28.9	7031
28.9	7180
28.9	7213
28.9	7250
28.9	7355
28.9	8115
28.9	8986
28.9	9061
28.9	9301
28.9	9511
28.9	9899
28.9	9923
28.9	10431
28.9	10740
28.9	11228
28.9	11358
28.9	12019
28.9	12623
28.9	12654
28.9	12907
28.9	13114
28.9	13641
28.9	13864
28.9	14563
28.9	14661
28.9	14846
28.9	15650
28.9	15711
28.9	15725
29	237
29	317
29	1506
29	1664
29	1820
29	1930
29	2515
29	3107
29	3407
29	3506
29	3622
29	3812
29	4052
29	4264
29	4474
29	4918
29	5510
29	5734
29	6621
29	6804
29	7000
29	7602
29	8448
29	8572
29	9189
29	9252
29	9372
29	9582
29	9599
29	9788
29	9939
29	10318
29	10643
29	11225
29	11568
29	11647
29	11800
29	12572
29	13068
29	14838
29	15109
29	15326
29	15575
29.1	187
29.1	428
29.1	1156
29.1	1370
29.1	1438
29.1	2100
29.1	2554
29.1	2563
29.1	2642
29.1	2703
29.1	3912
29.1	3987
29.1	4058
29.1	5466
29.1	5585
29.1	5723
29.1	5793
29.1	6267
29.1	6610
29.1	7299
29.1	7688
29.1	8582
29.1	8724
29.1	8835
29.1	8921
29.1	9604
29.1	9729
29.1	10029
29.1	10128
29.1	10401
29.1	10575
29.1	10666
29.1	10702
29.1	11478
29.1	11571
29.1	11592
29.1	12300
29.1	13192
29.1	13436
29.1	14509
29.1	14617
29.1	15040
29.1	15134
29.1	15841
29.2	143
29.2	596
29.2	1217
29.2	2248
29.2	2336
29.2	2453
29.2	2992
29.2	3541
29.2	3690
29.2	3995
29.2	4023
29.2	4894
29.2	4985
29.2	5124
29.2	5762
29.2	6819
29.2	6912
29.2	7614
29.2	7671
29.2	7779
29.2	8157
29.2	8733
29.2	9086
29.2	9484
29.2	9958
29.2	10127
29.2	10263
29.2	10280
29.2	11025
29.2	12045
29.2	12275
29.2	13204
29.2	13652
29.2	14060
29.2	14112
29.2	15292
29.2	15474
29.3	538
29.3	609
29.3	614
29.3	976
29.3	1060
29.3	1108
29.3	1533
29.3	1709
29.3	2403
29.3	2902
29.3	3765
29.3	4741
29.3	5041
29.3	5277
29.3	5676
29.3	5988
29.3	6967
29.3	7309
29.3	8490
29.3	9089
29.3	9467
29.3	10014
29.3	10998
29.3	11884
29.3	11952
29.3	12201
29.3	12890
29.3	12911
29.3	12992
29.3	13332
29.3	13366
29.3	13679
29.3	14024
29.3	14167
29.3	14334
29.3	14832
29.3	15164
29.3	15729
29.3	15847
29.4	672
29.4	1043
29.4	1286
29.4	1576
29.4	2032
29.4	2119
29.4	2553
29.4	2764
29.4	2847
29.4	3422
29.4	4839
29.4	4969
29.4	5162
29.4	6396
29.4	6456
29.4	7231
29.4	7604
29.4	8770
29.4	9158
29.4	9205
29.4	9228
29.4	9351
29.4	10020
29.4	10326
29.4	11215
29.4	12139
29.4	12620
29.4	12789
29.4	13322
29.4	13564
29.4	13922
29.4	14046
29.4	14069
29.4	14462
29.4	14685
29.4	14940
29.4	15462
29.4	15982
29.5	122
29.5	125
29.5	710
29.5	1028
29.5	2016
29.5	2040
29.5	2561
29.5	2576
29.5	2803
29.5	3339
29.5	3603
29.5	3914
29.5	4567
29.5	5340
29.5	5373
29.5	6838
29.5	7394
29.5	7977
29.5	7980
29.5	9063
29.5	9142
29.5	9883
29.5	10226
29.5	10429
29.5	10435
29.5	12344
29.5	13093
29.5	13293
29.5	13911
29.5	14034
29.5	14824
29.5	14864
29.5	15067
29.5	15205
29.5	15372
29.5	15407
29.5	15451
29.5	15662
29.6	2106
29.6	2194
29.6	3040
29.6	3165
29.6	3196
29.6	3880
29.6	4218
29.6	4371
29.6	5252
29.6	5353
29.6	5590
29.6	6363
29.6	6508
29.6	6896
29.6	6948
29.6	7553
29.6	8400
29.6	8649
29.6	8676
29.6	8911
29.6	8971
29.6	9527
29.6	9924
29.6	11114
29.6	12171
29.6	12294
29.6	12379
29.6	12398
29.6	12758
29.6	13249
29.6	13494
29.6	13542
29.6	13819
29.6	14143
29.6	14277
29.7	89
29.7	111
29.7	340
29.7	1475
29.7	1573
29.7	1604
29.7	1673
29.7	2090
29.7	2289
29.7	2825
29.7	3167
29.7	4797
29.7	5083
29.7	5479
29.7	5511
29.7	5644
29.7	6450
29.7	6990
29.7	7305
29.7	7364
29.7	7543
29.7	9130
29.7	10011
29.7	10024
29.7	10108
29.7	11842
29.7	12867
29.7	12958
29.7	13117
29.7	13784
29.7	13913
29.7	14027
29.7	14228
29.7	14316
29.8	8
29.8	516
29.8	1543
29.8	2343
29.8	2943
29.8	3228
29.8	4615
29.8	5412
29.8	5458
29.8	5475
29.8	6107
29.8	6679
29.8	7085
29.8	7200
29.8	7316
29.8	8370
29.8	8640
29.8	8964
29.8	10262
29.8	12122
29.8	12441
29.8	12497
29.8	12914
29.8	13918
29.8	14159
29.8	14395
29.8	14630
29.8	14915
29.8	14961
29.8	15281
29.8	15331
29.9	243
29.9	429
29.9	441
29.9	580
29.9	1891
29.9	2204
29.9	2401
29.9	2882
29.9	2937
29.9	3507
29.9	4010
29.9	5086
29.9	5718
29.9	5785
29.9	5819
29.9	6318
29.9	7440
29.9	8944
29.9	9262
29.9	9785
29.9	9916
29.9	9996
29.9	10618
29.9	11903
29.9	12261
29.9	12502
29.9	12741
29.9	12830
29.9	13439
29.9	14740
29.9	15473
30	2
30	684
30	1852
30	2094
30	3078
30	3111
30	3457
30	3933
30	4520
30	4598
30	4689
30	5689
30	6326
30	6600
30	6650
30	10386
30	10635
30	11431
30	11617
30	11718
30	12634
30	13622
30	13671
30.1	1032
30.1	1361
30.1	1955
30.1	1969
30.1	3345
30.1	3353
30.1	4249
30.1	5258
30.1	5994
30.1	9369
30.1	9954
30.1	11586
30.1	12095
30.1	12249
30.1	12735
30.1	14012
30.1	14064
30.1	14373
30.1	15241
30.2	290
30.2	391
30.2	2546
30.2	4978
30.2	5766
30.2	8169
30.2	10547
30.2	10924
30.2	12211
30.2	13294
30.3	157
30.3	294
30.3	756
30.3	1532
30.3	1703
30.3	2488
30.3	2663
30.3	5213
30.3	5223
30.3	6530
30.3	6684
30.3	6717
30.3	6922
30.3	8731
30.3	9767
30.3	10604
30.3	12512
30.3	13585
30.4	930
30.4	1746
30.4	2869
30.4	3057
30.4	3174
30.4	3710
30.4	4114
30.4	4271
30.4	4443
30.4	4545
30.4	4768
30.4	4915
30.4	6137
30.4	6998
30.4	9243
30.4	9341
30.4	13385
30.4	13694
30.4	14147
30.4	15251
30.5	34
30.5	250
30.5	297
30.5	595
30.5	1439
30.5	2648
30.5	3621
30.5	4250
30.5	4475
30.5	5565
30.5	5602
30.5	7451
30.5	7951
30.5	8527
30.5	8635
30.5	9645
30.5	10193
30.5	10198
30.5	12199
30.5	12356
30.5	12970
30.5	13899
30.5	14672
30.5	15328
30.6	844
30.6	1921
30.6	4473
30.6	4641
30.6	4882
30.6	5940
30.6	6796
30.6	6857
30.6	7677
30.6	7864
30.6	10811
30.6	12697
30.7	1514
30.7	5321
30.7	6196
30.7	6705
30.7	7084
30.7	7194
30.7	8085
30.7	8855
30.7	9212
30.7	13005
30.7	13275
30.7	13709
30.7	15228
30.7	15625
30.8	5177
30.8	6636
30.8	9135
30.8	9500
30.8	13430
30.8	13700
30.8	14083
30.8	15273
30.9	575
30.9	598
30.9	2738
30.9	2854
30.9	3950
30.9	4737
30.9	6477
30.9	6958
30.9	8220
30.9	8806
30.9	10179
30.9	11174
30.9	11390
30.9	11490
30.9	11880
30.9	12874
30.9	13677
30.9	14129
30.9	14771
30.9	15590
31	368
31	4629
31	6176
31	6439
31	9602
31	10939
31	11531
31	12252
31	12626
31	12641
31.1	281
31.1	1665
31.1	1695
31.1	1882
31.1	1967
31.1	3654
31.1	4051
31.1	4190
31.1	4708
31.1	5923
31.1	7054
31.1	8991
31.1	9678
31.1	11251
31.1	11354
31.1	12034
31.1	12181
31.1	14413
31.1	15170
31.2	1890
31.2	1976
31.2	2630
31.2	3430
31.2	3935
31.2	4954
31.2	6472
31.2	7029
31.2	9081
31.2	10497
31.2	13420
31.2	14594
31.3	66
31.3	240
31.3	1968
31.3	2456
31.3	3080
31.3	4497
31.3	5872
31.3	13121
31.3	13646
31.3	14216
31.4	1570
31.4	3192
31.4	6855
31.4	9945
31.4	13131
31.4	13969
31.4	14518
31.5	2030
31.5	3481
31.5	6900
31.5	8186
31.5	8230
31.5	10530
31.5	11669
31.5	15692
31.6	638
31.6	1019
31.6	2091
31.6	5366
31.6	8597
31.6	8753
31.6	9581
31.6	9791
31.6	13170
31.6	15125
31.7	1696
31.7	4225
31.7	4311
31.7	8061
31.7	8672
31.7	8831
31.7	10230
31.7	12061
31.7	14054
31.7	15190
31.8	656
31.8	2105
31.8	4241
31.8	4515
31.8	5160
31.8	8982
31.8	12662
31.8	13970
31.9	2297
31.9	10298
31.9	10653
31.9	13026
31.9	13950
32	153
32	1854
32	2327
32	8589
32	10492
32	13370
32	14315
32.1	3272
32.1	5787
32.1	8629
32.1	11752
32.1	11979
32.1	12902
32.1	15667
32.2	1179
32.2	1645
32.2	1763
32.2	1795
32.2	8379
32.2	11084
32.2	13625
32.2	13668
32.3	48
32.3	1727
32.3	3802
32.3	5901
32.3	7175
32.3	8124
32.3	9010
32.3	10520
32.3	10791
32.3	12609
32.3	13308
32.4	6303
32.4	6597
32.4	7017
32.4	11284
32.4	13147
32.4	13692
32.4	14341
32.4	15121
32.5	338
32.5	1374
32.5	5091
32.5	8795
32.5	10573
32.5	13251
32.5	14101
32.5	14125
32.6	764
32.6	2707
32.6	3034
32.6	6541
32.6	13463
32.6	15159
32.7	5423
32.7	8331
32.7	9814
32.7	13724
32.7	13857
32.7	15075
32.7	15856
32.8	742
32.8	5523
32.8	8203
32.9	5050
32.9	6413
32.9	6727
32.9	9608
32.9	10437
32.9	13535
33	2964
33	6968
33	7623
33	7649
33	7711
33	8468
33	8686
33	13229
33	15243
33.1	2830
33.1	4717
33.1	12803
33.1	14424
33.2	5949
33.2	7504
33.2	8069
33.2	10933
33.2	14304
33.2	14499
33.3	2504
33.3	11558
33.3	14798
33.3	15747
33.4	6229
33.4	6667
33.4	9486
33.5	6901
33.6	9605
33.7	5151
33.7	12185
33.7	15653
33.8	4227
33.8	8668
33.8	10388
33.9	2584
33.9	15812
34.1	4283
34.1	15166
34.2	2074
34.2	10740
34.2	15026
34.3	3296
34.3	5851
34.3	13651
34.4	3477
34.4	15018
34.4	15954
34.5	3213
34.5	5611
34.6	7015
34.6	12894
34.6	14816
34.7	15046
34.8	28
34.8	5132
34.8	15882
34.9	1617
34.9	6736
34.9	15020
34.9	15601
35	989
35	5927
35	15058
35.1	10571
35.1	13734
35.1	13994
35.2	1362
35.2	8719
35.2	10592
35.3	11592
35.4	2992
35.5	5138
35.6	312
35.6	1060
35.6	13293
35.9	15226
36	9189
36	13288
36.2	13108
36.4	8346
36.4	11505
36.5	4552
36.6	290
36.7	9883
36.7	10642
36.8	3884
36.9	659
36.9	2094
36.9	15147
37	2351
39.2	595
