9.4	57
10.3	145
10.4	34
10.4	116
10.6	53
10.8	58
12.4	72
13.6	136
13.7	97
13.8	31
14.1	19
14.1	100
14.4	385
14.4	641
14.4	4096
14.4	4723
14.4	6045
14.4	6389
14.4	7638
14.5	74
14.6	231
14.6	4710
14.6	5025
14.7	1532
14.7	4754
14.7	5114
14.7	5397
14.7	5721
14.7	7616
14.9	2255
14.9	2960
14.9	4902
14.9	5367
14.9	5883
14.9	6605
15	89
15	386
15	5466
15	7572
15	7838
15.1	698
15.1	983
15.1	1095
15.1	4468
15.1	5273
15.1	5424
15.2	847
15.2	2178
15.2	4943
15.2	5240
15.2	5946
15.2	6424
15.2	7790
15.5	7657
15.7	131
15.8	2526
15.9	238
15.9	865
15.9	3056
15.9	3508
15.9	7680
15.9	7714
16	3337
16.1	671
16.1	2148
16.1	4111
16.1	4408
16.1	5904
16.2	78
16.2	3922
16.2	7567
16.3	276
16.3	2702
16.3	6719
16.3	6770
16.3	7669
16.4	124
16.4	259
16.4	553
16.4	1256
16.4	1827
16.4	3193
16.4	5530
16.4	6637
16.4	7265
16.4	7389
16.4	7786
16.5	7
16.5	691
16.5	997
16.5	1397
16.5	2642
16.5	3422
16.5	3788
16.5	3925
16.5	3989
16.5	4086
16.5	4389
16.5	4619
16.5	4668
16.5	5929
16.5	6720
16.5	7004
16.5	7065
16.6	396
16.6	640
16.6	1336
16.6	1588
16.6	1813
16.6	1881
16.6	2660
16.6	3154
16.6	3804
16.6	4337
16.6	4519
16.6	5477
16.6	6140
16.6	6736
16.6	7534
16.6	7976
16.7	349
16.7	541
16.7	1282
16.7	1481
16.7	2876
16.7	2909
16.7	3172
16.7	3605
16.7	3754
16.7	4005
16.7	4527
16.7	4797
16.7	4868
16.7	4963
16.7	5096
16.7	5187
16.7	6057
16.7	7479
16.7	7512
16.7	7513
16.7	7897
16.8	17
16.8	428
16.8	528
16.8	552
16.8	681
16.8	744
16.8	787
16.8	1010
16.8	1310
16.8	1589
16.8	1804
16.8	1822
16.8	1868
16.8	1954
16.8	2343
16.8	3120
16.8	3496
16.8	3810
16.8	3880
16.8	4278
16.8	4531
16.8	5050
16.8	5292
16.8	5576
16.8	5832
16.8	6134
16.8	6608
16.8	6739
16.8	6766
16.8	6813
16.8	6874
16.8	7465
16.8	7660
16.8	7888
16.8	7947
16.9	62
16.9	356
16.9	490
16.9	661
16.9	850
16.9	1425
16.9	1440
16.9	1637
16.9	1880
16.9	1899
16.9	1900
16.9	2657
16.9	2704
16.9	2922
16.9	2981
16.9	3406
16.9	3761
16.9	4373
16.9	5060
16.9	5220
16.9	5562
16.9	5726
16.9	5729
16.9	6229
16.9	6234
16.9	6306
16.9	7036
16.9	7042
16.9	7449
16.9	7843
17	143
17	380
17	409
17	440
17	949
17	1753
17	2169
17	2364
17	2409
17	2799
17	3061
17	3606
17	3617
17	3648
17	4155
17	4452
17	5269
17	5556
17	5799
17	6367
17	6435
17	6467
17	6555
17	6628
17	7411
17	7431
17	7488
17.1	153
17.1	209
17.1	415
17.1	1023
17.1	1111
17.1	1211
17.1	1825
17.1	2112
17.1	2765
17.1	2872
17.1	3209
17.1	3533
17.1	3831
17.1	4050
17.1	4186
17.1	4265
17.1	4289
17.1	4665
17.1	4835
17.1	5070
17.1	5209
17.1	5390
17.1	5665
17.1	5675
17.1	5692
17.1	5909
17.1	6783
17.1	6837
17.1	7011
17.1	7253
17.1	7329
17.1	7440
17.1	7558
17.2	24
17.2	192
17.2	1347
17.2	2090
17.2	2459
17.2	2755
17.2	2766
17.2	3177
17.2	3240
17.2	3418
17.2	4048
17.2	4238
17.2	4405
17.2	4518
17.2	5053
17.2	5356
17.2	5443
17.2	5689
17.2	5874
17.2	5900
17.2	6048
17.2	6090
17.2	6684
17.2	6778
17.2	7160
17.2	7458
17.2	7662
17.2	7810
17.2	7985
17.3	55
17.3	87
17.3	297
17.3	637
17.3	952
17.3	1028
17.3	1365
17.3	1483
17.3	1643
17.3	2059
17.3	2071
17.3	2101
17.3	2106
17.3	2119
17.3	2539
17.3	2921
17.3	3034
17.3	3307
17.3	3580
17.3	3777
17.3	3786
17.3	3975
17.3	4131
17.3	4143
17.3	4228
17.3	4230
17.3	4479
17.3	4631
17.3	4652
17.3	4920
17.3	5185
17.3	5232
17.3	5512
17.3	5731
17.3	5993
17.3	6296
17.3	6416
17.3	6464
17.3	7030
17.3	7215
17.3	7410
17.3	7837
17.4	90
17.4	180
17.4	326
17.4	430
17.4	635
17.4	682
17.4	709
17.4	828
17.4	832
17.4	970
17.4	1312
17.4	1566
17.4	1601
17.4	1609
17.4	1638
17.4	1990
17.4	2038
17.4	2113
17.4	2261
17.4	2361
17.4	2500
17.4	2694
17.4	2831
17.4	3054
17.4	3064
17.4	3231
17.4	3380
17.4	3464
17.4	3505
17.4	4006
17.4	4068
17.4	4654
17.4	5126
17.4	5165
17.4	5238
17.4	5279
17.4	5299
17.4	5444
17.4	5674
17.4	5763
17.4	5791
17.4	5806
17.4	6200
17.4	6269
17.4	6463
17.4	6818
17.4	7085
17.4	7166
17.4	7298
17.4	7308
17.4	7498
17.4	7684
17.4	7950
17.4	7971
17.5	264
17.5	568
17.5	668
17.5	784
17.5	947
17.5	1035
17.5	1102
17.5	1107
17.5	1195
17.5	1267
17.5	1537
17.5	1559
17.5	1888
17.5	2086
17.5	2248
17.5	2252
17.5	2475
17.5	2795
17.5	2849
17.5	2864
17.5	2899
17.5	3081
17.5	3128
17.5	3242
17.5	3412
17.5	3673
17.5	3802
17.5	3824
17.5	4033
17.5	4402
17.5	4733
17.5	4763
17.5	4962
17.5	5386
17.5	5666
17.5	5796
17.5	5854
17.5	5899
17.5	6152
17.5	6268
17.5	6317
17.5	6335
17.5	6462
17.5	6473
17.5	7103
17.5	7604
17.6	159
17.6	189
17.6	240
17.6	864
17.6	1273
17.6	1416
17.6	1477
17.6	1748
17.6	2272
17.6	2534
17.6	2739
17.6	3121
17.6	3550
17.6	3562
17.6	4309
17.6	4328
17.6	4413
17.6	4472
17.6	4663
17.6	4715
17.6	5064
17.6	5142
17.6	5241
17.6	5655
17.6	6021
17.6	6059
17.6	6225
17.6	6271
17.6	6499
17.6	6686
17.6	6746
17.6	7127
17.6	7161
17.6	7496
17.6	7653
17.6	7873
17.6	7903
17.6	7967
17.6	7973
17.7	236
17.7	306
17.7	394
17.7	483
17.7	560
17.7	646
17.7	810
17.7	920
17.7	941
17.7	1166
17.7	1406
17.7	1895
17.7	2029
17.7	2149
17.7	2609
17.7	2788
17.7	2840
17.7	2851
17.7	3012
17.7	3486
17.7	3547
17.7	3710
17.7	3830
17.7	3896
17.7	4004
17.7	4813
17.7	5017
17.7	5173
17.7	5186
17.7	5225
17.7	5375
17.7	5654
17.7	5798
17.7	6154
17.7	6291
17.7	6495
17.7	6571
17.7	6804
17.7	7352
17.7	7765
17.7	7955
17.7	7998
17.8	6
17.8	52
17.8	155
17.8	538
17.8	809
17.8	834
17.8	964
17.8	996
17.8	1408
17.8	1626
17.8	1720
17.8	2001
17.8	2295
17.8	2372
17.8	2596
17.8	2940
17.8	3095
17.8	3161
17.8	3490
17.8	3596
17.8	3855
17.8	4184
17.8	4407
17.8	4658
17.8	5487
17.8	5620
17.8	5924
17.8	6049
17.8	6109
17.8	6112
17.8	6544
17.8	6567
17.8	6653
17.8	6823
17.8	6924
17.8	7121
17.8	7130
17.8	7876
17.9	56
17.9	105
17.9	358
17.9	849
17.9	866
17.9	1714
17.9	1812
17.9	1839
17.9	1840
17.9	2166
17.9	2222
17.9	2240
17.9	2497
17.9	2722
17.9	2745
17.9	3043
17.9	3087
17.9	3643
17.9	3834
17.9	3883
17.9	3957
17.9	3966
17.9	3991
17.9	4032
17.9	4344
17.9	4644
17.9	4696
17.9	4857
17.9	4888
17.9	4891
17.9	5274
17.9	5339
17.9	5416
17.9	5504
17.9	5751
17.9	5781
17.9	5785
17.9	5819
17.9	6489
17.9	6593
17.9	7029
17.9	7041
17.9	7813
17.9	7815
18	40
18	84
18	185
18	256
18	299
18	555
18	613
18	753
18	823
18	871
18	1148
18	1388
18	1984
18	2202
18	2359
18	2425
18	2481
18	2624
18	2682
18	2800
18	2877
18	2882
18	2890
18	3045
18	3114
18	3285
18	3419
18	3844
18	4182
18	4260
18	4320
18	4384
18	4436
18	4997
18	5006
18	5129
18	5147
18	5244
18	5438
18	5534
18	5565
18	5680
18	5936
18	5974
18	6013
18	6181
18	6266
18	6289
18	6305
18	6474
18	6590
18	6596
18	6634
18	6674
18	6825
18	6908
18	7018
18	7232
18	7377
18	7378
18	7402
18	7578
18	7634
18	7637
18	7775
18	7966
18.1	86
18.1	179
18.1	286
18.1	407
18.1	488
18.1	566
18.1	1157
18.1	1174
18.1	1445
18.1	1610
18.1	1715
18.1	1730
18.1	1821
18.1	1829
18.1	1918
18.1	1985
18.1	2016
18.1	2027
18.1	2054
18.1	2269
18.1	2723
18.1	2822
18.1	2920
18.1	3099
18.1	3152
18.1	3291
18.1	3302
18.1	3327
18.1	3353
18.1	3415
18.1	3482
18.1	3780
18.1	3828
18.1	3914
18.1	3968
18.1	4057
18.1	4212
18.1	4219
18.1	4432
18.1	4523
18.1	4993
18.1	5596
18.1	5608
18.1	5659
18.1	5742
18.1	5821
18.1	5922
18.1	5991
18.1	6000
18.1	6066
18.1	6201
18.1	6257
18.1	6325
18.1	6386
18.1	6437
18.1	6511
18.1	6586
18.1	6657
18.1	6667
18.1	6731
18.1	6767
18.1	6772
18.1	6792
18.1	6966
18.1	7047
18.1	7135
18.1	7353
18.1	7587
18.1	7729
18.1	7754
18.1	7820
18.1	7945
18.1	7982
18.2	51
18.2	445
18.2	612
18.2	842
18.2	1007
18.2	1185
18.2	1380
18.2	1531
18.2	1607
18.2	1659
18.2	1684
18.2	1887
18.2	1979
18.2	2342
18.2	2381
18.2	2450
18.2	2874
18.2	2892
18.2	2896
18.2	3024
18.2	3118
18.2	3272
18.2	3330
18.2	3454
18.2	3711
18.2	3715
18.2	3940
18.2	3973
18.2	4008
18.2	4083
18.2	4132
18.2	4249
18.2	4254
18.2	4307
18.2	4357
18.2	4382
18.2	5013
18.2	5159
18.2	5180
18.2	5475
18.2	5563
18.2	5570
18.2	5575
18.2	5694
18.2	5793
18.2	5823
18.2	5879
18.2	6058
18.2	6239
18.2	6387
18.2	6434
18.2	6498
18.2	6507
18.2	6632
18.2	6636
18.2	6650
18.2	6672
18.2	6801
18.2	6839
18.2	6845
18.2	6970
18.2	7075
18.2	7172
18.2	7294
18.2	7366
18.2	7626
18.2	7740
18.2	7852
18.2	7891
18.3	325
18.3	329
18.3	522
18.3	530
18.3	580
18.3	588
18.3	598
18.3	615
18.3	725
18.3	805
18.3	907
18.3	913
18.3	988
18.3	1079
18.3	1116
18.3	1118
18.3	1120
18.3	1203
18.3	1250
18.3	1392
18.3	1491
18.3	1518
18.3	1546
18.3	1598
18.3	1832
18.3	1885
18.3	1940
18.3	2160
18.3	2163
18.3	2208
18.3	2237
18.3	2286
18.3	2347
18.3	2366
18.3	2400
18.3	2621
18.3	2636
18.3	2811
18.3	2912
18.3	2953
18.3	3076
18.3	3188
18.3	3196
18.3	3257
18.3	3340
18.3	3367
18.3	3439
18.3	3613
18.3	3797
18.3	3981
18.3	4020
18.3	4203
18.3	4232
18.3	4297
18.3	4300
18.3	4324
18.3	4354
18.3	4437
18.3	4455
18.3	4501
18.3	4508
18.3	4528
18.3	4772
18.3	4805
18.3	4897
18.3	4979
18.3	5046
18.3	5133
18.3	5350
18.3	5364
18.3	5473
18.3	5506
18.3	5579
18.3	5614
18.3	5658
18.3	5749
18.3	5757
18.3	6051
18.3	6079
18.3	6114
18.3	6138
18.3	6264
18.3	6314
18.3	6358
18.3	6405
18.3	6452
18.3	6570
18.3	6663
18.3	6741
18.3	6822
18.3	6863
18.3	7000
18.3	7009
18.3	7278
18.3	7373
18.3	7459
18.3	7794
18.3	7893
18.4	80
18.4	95
18.4	279
18.4	291
18.4	354
18.4	482
18.4	836
18.4	912
18.4	1316
18.4	1405
18.4	1456
18.4	1506
18.4	1524
18.4	1526
18.4	1631
18.4	1768
18.4	1771
18.4	1835
18.4	1884
18.4	2096
18.4	2292
18.4	2310
18.4	2418
18.4	2428
18.4	2487
18.4	2617
18.4	2663
18.4	2693
18.4	2707
18.4	2715
18.4	2726
18.4	2747
18.4	2798
18.4	2828
18.4	2955
18.4	3029
18.4	3068
18.4	3182
18.4	3277
18.4	3472
18.4	3620
18.4	3656
18.4	3727
18.4	3735
18.4	3820
18.4	3954
18.4	3984
18.4	4108
18.4	4114
18.4	4128
18.4	4364
18.4	4394
18.4	4647
18.4	4673
18.4	4738
18.4	4817
18.4	5271
18.4	5272
18.4	5311
18.4	5329
18.4	5449
18.4	5479
18.4	5605
18.4	5724
18.4	5774
18.4	5862
18.4	5890
18.4	6083
18.4	6146
18.4	6194
18.4	6246
18.4	6299
18.4	6444
18.4	6627
18.4	6759
18.4	6870
18.4	6880
18.4	6976
18.4	7039
18.4	7056
18.4	7079
18.4	7180
18.4	7230
18.4	7450
18.4	7576
18.4	7650
18.4	7710
18.4	7797
18.4	7908
18.4	7979
18.5	12
18.5	50
18.5	202
18.5	263
18.5	340
18.5	355
18.5	416
18.5	417
18.5	594
18.5	620
18.5	630
18.5	848
18.5	987
18.5	1062
18.5	1071
18.5	1090
18.5	1104
18.5	1190
18.5	1200
18.5	1229
18.5	1360
18.5	1371
18.5	1436
18.5	1800
18.5	1889
18.5	1902
18.5	1936
18.5	1958
18.5	2008
18.5	2055
18.5	2081
18.5	2092
18.5	2192
18.5	2268
18.5	2319
18.5	2426
18.5	2432
18.5	2560
18.5	2680
18.5	2761
18.5	2796
18.5	2834
18.5	2857
18.5	2963
18.5	3006
18.5	3122
18.5	3222
18.5	3256
18.5	3345
18.5	3364
18.5	3460
18.5	3723
18.5	3740
18.5	3798
18.5	3848
18.5	3852
18.5	4035
18.5	4308
18.5	4341
18.5	4346
18.5	4438
18.5	4521
18.5	4552
18.5	4691
18.5	4729
18.5	4768
18.5	4779
18.5	4793
18.5	4800
18.5	4818
18.5	4911
18.5	4952
18.5	4996
18.5	5061
18.5	5118
18.5	5123
18.5	5151
18.5	5167
18.5	5259
18.5	5281
18.5	5319
18.5	5429
18.5	5571
18.5	5597
18.5	5609
18.5	5610
18.5	5972
18.5	6046
18.5	6158
18.5	6292
18.5	6333
18.5	6365
18.5	6526
18.5	6553
18.5	6630
18.5	6775
18.5	6898
18.5	6975
18.5	7026
18.5	7035
18.5	7073
18.5	7177
18.5	7184
18.5	7284
18.5	7286
18.5	7290
18.5	7343
18.5	7413
18.5	7422
18.5	7642
18.5	7826
18.5	7857
18.5	7986
18.6	201
18.6	239
18.6	280
18.6	381
18.6	395
18.6	453
18.6	521
18.6	600
18.6	628
18.6	657
18.6	678
18.6	680
18.6	743
18.6	794
18.6	840
18.6	885
18.6	1065
18.6	1154
18.6	1209
18.6	1317
18.6	1345
18.6	1403
18.6	1504
18.6	1545
18.6	1620
18.6	1667
18.6	1672
18.6	1718
18.6	1947
18.6	2049
18.6	2089
18.6	2099
18.6	2408
18.6	2579
18.6	2773
18.6	2814
18.6	2817
18.6	2856
18.6	2906
18.6	3192
18.6	3203
18.6	3219
18.6	3233
18.6	3253
18.6	3255
18.6	3289
18.6	3331
18.6	3393
18.6	3403
18.6	3509
18.6	3579
18.6	3750
18.6	3988
18.6	4016
18.6	4017
18.6	4061
18.6	4185
18.6	4266
18.6	4421
18.6	4456
18.6	4520
18.6	4690
18.6	4703
18.6	4728
18.6	4810
18.6	4816
18.6	4858
18.6	4904
18.6	4946
18.6	5014
18.6	5035
18.6	5111
18.6	5230
18.6	5235
18.6	5242
18.6	5301
18.6	5368
18.6	5372
18.6	5441
18.6	5491
18.6	5516
18.6	5573
18.6	5611
18.6	5627
18.6	5762
18.6	5928
18.6	5931
18.6	5958
18.6	6006
18.6	6038
18.6	6115
18.6	6233
18.6	6500
18.6	6522
18.6	6541
18.6	6612
18.6	6658
18.6	6869
18.6	6871
18.6	6985
18.6	7101
18.6	7261
18.6	7467
18.6	7551
18.6	7595
18.6	7688
18.6	7691
18.6	7712
18.6	7713
18.6	7734
18.6	7867
18.6	7911
18.7	1
18.7	301
18.7	365
18.7	378
18.7	494
18.7	518
18.7	559
18.7	648
18.7	658
18.7	779
18.7	986
18.7	1081
18.7	1264
18.7	1284
18.7	1288
18.7	1329
18.7	1443
18.7	1498
18.7	1572
18.7	1578
18.7	1722
18.7	1742
18.7	1969
18.7	1978
18.7	2075
18.7	2122
18.7	2204
18.7	2326
18.7	2360
18.7	2388
18.7	2435
18.7	2465
18.7	2513
18.7	2543
18.7	2681
18.7	2720
18.7	2916
18.7	3247
18.7	3385
18.7	3537
18.7	3640
18.7	3790
18.7	3795
18.7	3826
18.7	3894
18.7	3902
18.7	3915
18.7	3997
18.7	4093
18.7	4214
18.7	4243
18.7	4245
18.7	4276
18.7	4293
18.7	4426
18.7	4618
18.7	4724
18.7	4850
18.7	4907
18.7	4912
18.7	4919
18.7	4954
18.7	4995
18.7	5062
18.7	5137
18.7	5190
18.7	5231
18.7	5313
18.7	5408
18.7	5450
18.7	5460
18.7	5548
18.7	5568
18.7	5813
18.7	5822
18.7	5841
18.7	5893
18.7	5980
18.7	6198
18.7	6238
18.7	6278
18.7	6327
18.7	6363
18.7	6475
18.7	6561
18.7	6713
18.7	6755
18.7	6768
18.7	6836
18.7	6912
18.7	7094
18.7	7182
18.7	7355
18.7	7375
18.7	7421
18.7	7429
18.7	7536
18.7	7624
18.7	7672
18.7	7721
18.7	7739
18.7	7830
18.7	7864
18.7	7989
18.8	111
18.8	190
18.8	230
18.8	234
18.8	333
18.8	437
18.8	458
18.8	493
18.8	557
18.8	558
18.8	747
18.8	1006
18.8	1059
18.8	1161
18.8	1214
18.8	1222
18.8	1234
18.8	1493
18.8	1582
18.8	1657
18.8	1691
18.8	1805
18.8	1830
18.8	1980
18.8	2104
18.8	2301
18.8	2589
18.8	2593
18.8	2808
18.8	2819
18.8	2939
18.8	2950
18.8	3048
18.8	3169
18.8	3377
18.8	3421
18.8	3436
18.8	3492
18.8	3679
18.8	3680
18.8	3736
18.8	3746
18.8	3878
18.8	3998
18.8	4101
18.8	4174
18.8	4218
18.8	4234
18.8	4321
18.8	4608
18.8	4623
18.8	4633
18.8	4749
18.8	4764
18.8	4964
18.8	4989
18.8	5065
18.8	5112
18.8	5233
18.8	5341
18.8	5405
18.8	5521
18.8	5754
18.8	5784
18.8	5794
18.8	5834
18.8	5844
18.8	5971
18.8	6035
18.8	6231
18.8	6250
18.8	6284
18.8	6409
18.8	6446
18.8	6545
18.8	6578
18.8	6812
18.8	6891
18.8	6905
18.8	6920
18.8	7022
18.8	7137
18.8	7276
18.8	7299
18.8	7613
18.8	7625
18.8	7635
18.8	7700
18.8	7997
18.9	223
18.9	261
18.9	269
18.9	506
18.9	579
18.9	727
18.9	1040
18.9	1048
18.9	1080
18.9	1121
18.9	1230
18.9	1295
18.9	1339
18.9	1367
18.9	1614
18.9	1641
18.9	1680
18.9	1706
18.9	1925
18.9	2026
18.9	2180
18.9	2223
18.9	2410
18.9	2479
18.9	2484
18.9	2622
18.9	2671
18.9	2724
18.9	2743
18.9	2847
18.9	2870
18.9	2975
18.9	3025
18.9	3051
18.9	3108
18.9	3139
18.9	3217
18.9	3313
18.9	3374
18.9	3497
18.9	3531
18.9	3576
18.9	3629
18.9	3684
18.9	3803
18.9	3819
18.9	3919
18.9	3934
18.9	4036
18.9	4100
18.9	4126
18.9	4209
18.9	4299
18.9	4338
18.9	4375
18.9	4526
18.9	4530
18.9	4587
18.9	4702
18.9	4887
18.9	4895
18.9	5083
18.9	5128
18.9	5365
18.9	5490
18.9	5499
18.9	5535
18.9	5672
18.9	5691
18.9	5738
18.9	5916
18.9	6062
18.9	6103
18.9	6275
18.9	6680
18.9	6701
18.9	6840
18.9	6903
18.9	6939
18.9	7198
18.9	7234
18.9	7282
18.9	7288
18.9	7577
18.9	7607
18.9	7632
18.9	7644
18.9	7808
18.9	7895
18.9	7929
18.9	7941
18.9	7963
18.9	7996
19	128
19	196
19	422
19	533
19	590
19	624
19	656
19	683
19	684
19	690
19	905
19	1188
19	1205
19	1235
19	1237
19	1240
19	1268
19	1327
19	1381
19	1512
19	1544
19	1602
19	1662
19	1692
19	1739
19	1786
19	1820
19	2007
19	2033
19	2084
19	2153
19	2176
19	2309
19	2564
19	2571
19	2666
19	2784
19	2961
19	2998
19	3200
19	3283
19	3350
19	3429
19	3452
19	3501
19	3743
19	3748
19	3813
19	3970
19	4026
19	4125
19	4149
19	4206
19	4271
19	4348
19	4355
19	4522
19	4556
19	4648
19	4686
19	4727
19	4774
19	4807
19	4820
19	4900
19	4939
19	4961
19	5055
19	5074
19	5143
19	5229
19	5264
19	5266
19	5277
19	5347
19	5437
19	5470
19	5545
19	5585
19	5589
19	5699
19	5859
19	5894
19	5998
19	6141
19	6394
19	6626
19	6652
19	6901
19	6997
19	7062
19	7179
19	7255
19	7379
19	7509
19	7589
19	7602
19	7674
19	7690
19	7768
19	7788
19	7946
19.1	81
19.1	146
19.1	186
19.1	198
19.1	431
19.1	474
19.1	539
19.1	717
19.1	921
19.1	1033
19.1	1136
19.1	1146
19.1	1181
19.1	1274
19.1	1444
19.1	1543
19.1	1719
19.1	1736
19.1	1876
19.1	2083
19.1	2211
19.1	2279
19.1	2394
19.1	2414
19.1	2421
19.1	2668
19.1	2721
19.1	2787
19.1	2789
19.1	2826
19.1	3047
19.1	3096
19.1	3184
19.1	3352
19.1	3381
19.1	3396
19.1	3478
19.1	3484
19.1	3601
19.1	3627
19.1	3638
19.1	3691
19.1	3752
19.1	3899
19.1	3972
19.1	4059
19.1	4074
19.1	4084
19.1	4340
19.1	4409
19.1	4469
19.1	4661
19.1	4695
19.1	4704
19.1	4787
19.1	5022
19.1	5045
19.1	5171
19.1	5178
19.1	5287
19.1	5476
19.1	5522
19.1	5527
19.1	5533
19.1	5716
19.1	5727
19.1	5895
19.1	5964
19.1	5977
19.1	5994
19.1	6098
19.1	6180
19.1	6185
19.1	6237
19.1	6252
19.1	6283
19.1	6294
19.1	6315
19.1	6344
19.1	6379
19.1	6391
19.1	6497
19.1	6621
19.1	6753
19.1	6788
19.1	6875
19.1	6896
19.1	6900
19.1	6927
19.1	6954
19.1	6998
19.1	6999
19.1	7111
19.1	7169
19.1	7192
19.1	7349
19.1	7571
19.1	7766
19.1	7999
19.2	10
19.2	30
19.2	64
19.2	67
19.2	88
19.2	107
19.2	169
19.2	314
19.2	450
19.2	992
19.2	995
19.2	1025
19.2	1064
19.2	1124
19.2	1129
19.2	1223
19.2	1263
19.2	1283
19.2	1377
19.2	1595
19.2	1910
19.2	1921
19.2	1952
19.2	2022
19.2	2217
19.2	2219
19.2	2461
19.2	2523
19.2	2562
19.2	2641
19.2	2647
19.2	2679
19.2	2783
19.2	2801
19.2	2968
19.2	2985
19.2	3266
19.2	3320
19.2	3333
19.2	3360
19.2	3755
19.2	3814
19.2	3910
19.2	3931
19.2	3986
19.2	4089
19.2	4387
19.2	4524
19.2	4642
19.2	4643
19.2	4871
19.2	4928
19.2	4931
19.2	5108
19.2	5169
19.2	5251
19.2	5349
19.2	5402
19.2	5413
19.2	5498
19.2	5615
19.2	5621
19.2	5714
19.2	5802
19.2	5918
19.2	5920
19.2	5947
19.2	6113
19.2	6136
19.2	6167
19.2	6398
19.2	6520
19.2	6536
19.2	6537
19.2	6683
19.2	6990
19.2	7185
19.2	7201
19.2	7203
19.2	7245
19.2	7339
19.2	7419
19.2	7483
19.2	7501
19.2	7646
19.2	7764
19.3	8
19.3	141
19.3	150
19.3	310
19.3	334
19.3	351
19.3	375
19.3	465
19.3	499
19.3	712
19.3	752
19.3	772
19.3	782
19.3	1027
19.3	1105
19.3	1290
19.3	1302
19.3	1415
19.3	1658
19.3	1770
19.3	1865
19.3	2066
19.3	2098
19.3	2330
19.3	2537
19.3	2559
19.3	2891
19.3	2934
19.3	2967
19.3	3093
19.3	3105
19.3	3168
19.3	3425
19.3	3572
19.3	4298
19.3	4369
19.3	4510
19.3	4683
19.3	4697
19.3	4811
19.3	5135
19.3	5481
19.3	5888
19.3	6125
19.3	6331
19.3	6579
19.3	6607
19.3	6704
19.3	6798
19.3	6842
19.3	6907
19.3	6948
19.3	6952
19.3	7090
19.3	7522
19.3	7553
19.3	7610
19.3	7708
19.3	7748
19.3	7943
19.4	41
19.4	83
19.4	152
19.4	316
19.4	373
19.4	399
19.4	472
19.4	495
19.4	513
19.4	693
19.4	764
19.4	803
19.4	876
19.4	1276
19.4	1431
19.4	1437
19.4	1452
19.4	1606
19.4	1791
19.4	2117
19.4	2128
19.4	2351
19.4	2569
19.4	3132
19.4	3386
19.4	3459
19.4	3517
19.4	3732
19.4	3744
19.4	3792
19.4	3949
19.4	4304
19.4	4547
19.4	4626
19.4	4635
19.4	4851
19.4	5018
19.4	5076
19.4	5107
19.4	5346
19.4	5355
19.4	5427
19.4	5932
19.4	5949
19.4	5978
19.4	6324
19.4	6401
19.4	6457
19.4	6575
19.4	6595
19.4	6623
19.4	6639
19.4	6641
19.4	6748
19.4	6764
19.4	6828
19.4	6922
19.4	7078
19.4	7167
19.4	7279
19.4	7321
19.4	7362
19.4	7391
19.4	7414
19.4	7744
19.4	7819
19.4	7906
19.4	7961
19.5	197
19.5	317
19.5	895
19.5	935
19.5	984
19.5	1019
19.5	1037
19.5	1227
19.5	1318
19.5	1330
19.5	1510
19.5	1605
19.5	2233
19.5	2354
19.5	2448
19.5	2520
19.5	2650
19.5	2673
19.5	3106
19.5	3111
19.5	3174
19.5	3326
19.5	3456
19.5	3539
19.5	3641
19.5	3747
19.5	3758
19.5	4014
19.5	4116
19.5	4129
19.5	4258
19.5	4376
19.5	4448
19.5	4461
19.5	4481
19.5	4504
19.5	4651
19.5	4976
19.5	5039
19.5	5079
19.5	5318
19.5	5734
19.5	5869
19.5	6122
19.5	6127
19.5	6139
19.5	6223
19.5	6308
19.5	6368
19.5	6392
19.5	6400
19.5	6917
19.5	6988
19.5	7019
19.5	7106
19.5	7219
19.5	7233
19.5	7257
19.5	7337
19.5	7526
19.5	7655
19.5	7706
19.5	7972
19.6	2
19.6	148
19.6	448
19.6	980
19.6	1005
19.6	1013
19.6	1420
19.6	1448
19.6	1635
19.6	1986
19.6	2214
19.6	2260
19.6	2521
19.6	2656
19.6	2735
19.6	2846
19.6	3044
19.6	3072
19.6	3581
19.6	3625
19.6	3749
19.6	3874
19.6	3944
19.6	4229
19.6	4380
19.6	4403
19.6	4425
19.6	4509
19.6	4706
19.6	4981
19.6	5000
19.6	5132
19.6	5392
19.6	5500
19.6	5558
19.6	5753
19.6	5771
19.6	5855
19.6	5984
19.6	6312
19.6	6433
19.6	6533
19.6	6629
19.6	6714
19.6	7480
19.6	7769
19.6	7789
19.6	7951
19.6	7991
19.7	195
19.7	363
19.7	460
19.7	619
19.7	621
19.7	720
19.7	733
19.7	959
19.7	1043
19.7	1060
19.7	1117
19.7	1153
19.7	1228
19.7	1389
19.7	1593
19.7	1898
19.7	1992
19.7	2076
19.7	2152
19.7	2329
19.7	2415
19.7	2635
19.7	2865
19.7	2927
19.7	2999
19.7	3017
19.7	3171
19.7	3190
19.7	3198
19.7	3389
19.7	3569
19.7	3823
19.7	3850
19.7	3913
19.7	3933
19.7	4378
19.7	4484
19.7	4852
19.7	5100
19.7	5109
19.7	5145
19.7	5316
19.7	5942
19.7	5965
19.7	6069
19.7	6121
19.7	6240
19.7	6702
19.7	7033
19.7	7158
19.7	7336
19.7	7665
19.7	7900
19.8	165
19.8	168
19.8	497
19.8	505
19.8	548
19.8	603
19.8	769
19.8	958
19.8	1325
19.8	1391
19.8	1428
19.8	1471
19.8	1494
19.8	1535
19.8	1674
19.8	1760
19.8	1892
19.8	1930
19.8	1971
19.8	2168
19.8	2290
19.8	2486
19.8	2889
19.8	3146
19.8	3199
19.8	3314
19.8	3373
19.8	3423
19.8	3449
19.8	3462
19.8	3633
19.8	3702
19.8	3906
19.8	3929
19.8	4176
19.8	4256
19.8	4451
19.8	4596
19.8	4801
19.8	4840
19.8	5184
19.8	5234
19.8	5317
19.8	5667
19.8	5668
19.8	5671
19.8	5950
19.8	6248
19.8	6565
19.8	6830
19.8	6854
19.8	7271
19.8	7345
19.8	7833
19.8	7872
19.8	7896
19.9	60
19.9	315
19.9	675
19.9	799
19.9	1053
19.9	1097
19.9	1179
19.9	1411
19.9	1528
19.9	1642
19.9	1783
19.9	2005
19.9	2195
19.9	2284
19.9	2293
19.9	2452
19.9	2504
19.9	2575
19.9	2585
19.9	2638
19.9	3371
19.9	3465
19.9	3529
19.9	3635
19.9	3636
19.9	3661
19.9	3666
19.9	3863
19.9	4091
19.9	4252
19.9	4303
19.9	4525
19.9	4541
19.9	4716
19.9	5196
19.9	5366
19.9	5697
19.9	5800
19.9	6025
19.9	6026
19.9	6082
19.9	6195
19.9	6470
19.9	6491
19.9	6594
19.9	6656
19.9	7013
19.9	7034
19.9	7142
19.9	7235
19.9	7363
19.9	7400
19.9	7791
19.9	7850
19.9	7889
19.9	7898
19.9	7936
20	22
20	228
20	659
20	960
20	1103
20	1123
20	1225
20	1226
20	1355
20	1913
20	1932
20	2158
20	2274
20	2380
20	2433
20	2620
20	3102
20	3164
20	3588
20	3877
20	4225
20	4233
20	4447
20	4616
20	4846
20	4898
20	5093
20	5217
20	5218
20	5256
20	5324
20	5331
20	5398
20	5552
20	5578
20	5629
20	5805
20	5927
20	6375
20	6436
20	6527
20	6841
20	6859
20	6860
20	6913
20	6936
20	7146
20	7175
20	7207
20	7228
20	7316
20.1	210
20.1	344
20.1	741
20.1	789
20.1	974
20.1	1348
20.1	1489
20.1	1621
20.1	1647
20.1	1785
20.1	1919
20.1	2123
20.1	2129
20.1	2353
20.1	2768
20.1	2775
20.1	3092
20.1	3202
20.1	3551
20.1	3582
20.1	3845
20.1	3885
20.1	3974
20.1	4604
20.1	5127
20.1	5219
20.1	5305
20.1	5808
20.1	5851
20.1	5865
20.1	6117
20.1	6277
20.1	6385
20.1	6411
20.1	6443
20.1	6523
20.1	6587
20.1	6964
20.1	7168
20.1	7243
20.1	7351
20.1	7436
20.1	7586
20.1	7696
20.1	7783
20.2	23
20.2	371
20.2	491
20.2	544
20.2	735
20.2	781
20.2	839
20.2	867
20.2	914
20.2	1140
20.2	1165
20.2	1458
20.2	1656
20.2	1678
20.2	1700
20.2	2053
20.2	2632
20.2	2717
20.2	2803
20.2	3201
20.2	3751
20.2	3753
20.2	4514
20.2	4740
20.2	4918
20.2	5320
20.2	5439
20.2	5616
20.2	6422
20.2	6551
20.2	6600
20.2	6604
20.2	6808
20.2	7318
20.2	7398
20.2	7545
20.2	7780
20.2	7834
20.2	7957
20.3	370
20.3	524
20.3	570
20.3	589
20.3	639
20.3	898
20.3	976
20.3	1300
20.3	1372
20.3	1933
20.3	1987
20.3	2074
20.3	2185
20.3	2337
20.3	2577
20.3	3148
20.3	3238
20.3	3709
20.3	3976
20.3	4145
20.3	4282
20.3	4488
20.3	4625
20.3	5258
20.3	5298
20.3	5577
20.3	5973
20.3	6419
20.3	6477
20.3	6546
20.3	6703
20.3	6805
20.3	7153
20.3	7275
20.3	7916
20.4	337
20.4	436
20.4	575
20.4	578
20.4	766
20.4	800
20.4	930
20.4	1747
20.4	2165
20.4	2631
20.4	2839
20.4	3616
20.4	3668
20.4	4023
20.4	4079
20.4	4669
20.4	4909
20.4	5207
20.4	5291
20.4	5494
20.4	6016
20.4	6055
20.4	7199
20.4	7859
20.4	7860
20.5	255
20.5	567
20.5	636
20.5	760
20.5	820
20.5	857
20.5	865
20.5	1034
20.5	1755
20.5	2206
20.5	2506
20.5	2553
20.5	2728
20.5	2829
20.5	3016
20.5	3500
20.5	3541
20.5	3543
20.5	3663
20.5	4418
20.5	4606
20.5	4717
20.5	4737
20.5	4784
20.5	5284
20.5	5664
20.5	5783
20.5	6490
20.5	6525
20.5	6569
20.5	6693
20.5	6700
20.5	6892
20.5	7443
20.5	7648
20.5	7747
20.5	7949
20.6	68
20.6	313
20.6	342
20.6	710
20.6	973
20.6	1021
20.6	1303
20.6	1326
20.6	1409
20.6	1412
20.6	1482
20.6	1569
20.6	1677
20.6	1732
20.6	2316
20.6	2760
20.6	3329
20.6	3644
20.6	3941
20.6	4790
20.6	5161
20.6	5344
20.6	5961
20.6	6009
20.6	6087
20.6	6478
20.6	6542
20.6	7038
20.6	7093
20.6	7397
20.7	27
20.7	1133
20.7	1294
20.7	1580
20.7	1879
20.7	1891
20.7	2417
20.7	2683
20.7	2871
20.7	2887
20.7	2898
20.7	2980
20.7	3356
20.7	3881
20.7	4179
20.7	4386
20.7	4503
20.7	4511
20.7	4940
20.7	4948
20.7	5131
20.7	5451
20.7	5462
20.7	5963
20.7	6207
20.7	7015
20.7	7227
20.7	7582
20.8	184
20.8	235
20.8	833
20.8	1009
20.8	1066
20.8	1125
20.8	1373
20.8	1596
20.8	2156
20.8	2557
20.8	2626
20.8	3109
20.8	3230
20.8	4502
20.8	5326
20.8	5913
20.8	6407
20.8	6850
20.8	7005
20.8	7919
20.9	563
20.9	948
20.9	2035
20.9	3440
20.9	4519
20.9	5057
20.9	5461
20.9	5682
20.9	5999
20.9	6454
20.9	6554
20.9	6878
20.9	7117
20.9	7529
20.9	7591
21	1023
21	1091
21	1713
21	2024
21	2688
21	3079
21	3271
21	3779
21	4719
21	4921
21	5332
21	5403
21	5407
21	5867
21	7109
21	7120
21	7592
21	7732
21.1	476
21.1	777
21.1	843
21.1	1208
21.1	1515
21.1	1673
21.1	2071
21.1	2169
21.1	2604
21.1	2922
21.1	2942
21.1	3312
21.1	3473
21.1	3675
21.1	3771
21.1	4265
21.1	6111
21.1	7795
21.2	698
21.2	1568
21.2	2203
21.2	2341
21.2	2734
21.2	2888
21.2	3567
21.2	3605
21.2	3978
21.2	4273
21.2	4287
21.2	4578
21.2	4677
21.2	5069
21.2	5768
21.2	5848
21.2	6831
21.3	295
21.3	377
21.3	897
21.3	962
21.3	1477
21.3	1508
21.3	2425
21.3	3011
21.3	3391
21.3	3858
21.3	4071
21.3	4431
21.3	4610
21.3	5675
21.3	5923
21.3	6601
21.3	6719
21.3	7102
21.3	7640
21.4	58
21.4	162
21.4	1343
21.4	1485
21.4	1551
21.4	2031
21.4	2534
21.4	2629
21.4	4153
21.4	4612
21.4	4640
21.4	5293
21.4	6131
21.4	6819
21.4	7280
21.4	7444
21.4	7470
21.5	24
21.5	490
21.5	706
21.5	864
21.5	1357
21.5	1637
21.5	1970
21.5	2243
21.5	2782
21.5	2800
21.5	2842
21.5	3594
21.5	4314
21.5	5194
21.5	5378
21.5	6096
21.5	6328
21.5	6413
21.5	6469
21.5	6861
21.5	7105
21.6	138
21.6	1822
21.6	2612
21.6	3525
21.6	3953
21.6	4015
21.6	4056
21.6	4141
21.6	4788
21.6	4896
21.6	4974
21.6	5679
21.6	6508
21.6	6866
21.6	7098
21.7	242
21.7	971
21.7	991
21.7	1109
21.7	1453
21.7	1837
21.7	2362
21.7	2614
21.7	2886
21.7	2900
21.7	3869
21.7	4295
21.7	4479
21.7	4947
21.7	5607
21.7	5702
21.7	6104
21.7	6261
21.7	6676
21.8	11
21.8	76
21.8	1089
21.8	1149
21.8	1728
21.8	2669
21.8	2684
21.8	2854
21.8	3177
21.8	3810
21.8	4401
21.8	4763
21.8	5081
21.8	5288
21.8	5556
21.8	5662
21.8	6326
21.8	6655
21.9	225
21.9	2439
21.9	2607
21.9	2907
21.9	4366
21.9	4485
21.9	4663
21.9	6048
21.9	6664
22	1369
22	2613
22	2928
22	3026
22	3504
22	4427
22	4647
22	5543
22	5639
22	5852
22	5929
22.1	1961
22.1	2108
22.1	3851
22.1	5271
22.1	6222
22.1	6356
22.2	454
22.2	1480
22.2	1615
22.2	1878
22.2	2094
22.2	2179
22.2	3707
22.2	4550
22.2	5968
22.2	6613
22.2	6821
22.2	7150
22.2	7231
22.2	7430
22.2	7680
22.3	983
22.3	1939
22.3	2036
22.3	2307
22.3	2560
22.3	2879
22.3	3290
22.3	3384
22.3	3774
22.3	4078
22.3	4470
22.3	4831
22.3	4993
22.3	6415
22.4	932
22.4	1166
22.4	2395
22.4	3528
22.4	4155
22.4	5264
22.4	5350
22.4	5535
22.4	6945
22.5	456
22.5	463
22.5	516
22.5	849
22.5	1154
22.5	2255
22.5	2649
22.5	3033
22.5	3157
22.5	4951
22.5	5186
22.5	6067
22.5	7130
22.5	7636
22.6	427
22.6	742
22.6	1291
22.6	1317
22.6	2342
22.6	2372
22.6	2663
22.6	2912
22.6	2913
22.6	3022
22.6	3724
22.6	3849
22.6	4006
22.6	4438
22.6	4545
22.6	4558
22.6	4732
22.6	4733
22.6	6758
22.6	7135
22.6	7138
22.6	7893
22.7	1738
22.7	2847
22.7	2848
22.7	4589
22.7	5083
22.7	5189
22.7	5755
22.7	6115
22.7	6183
22.7	7127
22.8	196
22.8	1316
22.8	2248
22.8	2903
22.8	3441
22.8	5844
22.8	6530
22.8	6657
22.8	7422
22.8	7691
22.9	995
22.9	1684
22.9	1840
22.9	2272
22.9	2647
22.9	2819
22.9	3277
22.9	3289
22.9	5227
22.9	5862
22.9	7540
22.9	7646
22.9	7650
22.9	7938
23	530
23	1794
23	2579
23	4206
23	6616
23	7494
23.1	180
23.1	2262
23.1	3629
23.1	3734
23.1	4360
23.1	4820
23.1	6035
23.1	7278
23.2	1498
23.2	4036
23.2	4037
23.2	5064
23.2	5481
23.2	6013
23.2	6201
23.2	7039
23.3	67
23.3	693
23.3	2520
23.3	2671
23.3	2820
23.3	3293
23.3	5479
23.3	5491
23.3	6391
23.4	1263
23.4	3168
23.4	3825
23.4	7501
23.4	7903
23.5	373
23.5	3141
23.5	6163
23.5	6658
23.5	7325
23.6	620
23.6	1200
23.6	3679
23.6	6051
23.6	6966
23.7	340
23.7	743
23.7	1132
23.7	1376
23.7	1396
23.7	2666
23.7	4472
23.7	4642
23.7	7028
23.7	7884
23.8	3432
23.8	4866
23.8	6839
23.9	505
23.9	1844
23.9	2838
23.9	4355
23.9	7966
24	1790
24	2460
24	3047
24	4981
24	5794
24	6109
24	7106
24	7665
24.1	1416
24.1	1706
24.1	1986
24.1	2358
24.1	2747
24.1	3797
24.1	4186
24.1	4256
24.1	4456
24.1	5575
24.1	5832
24.2	407
24.2	958
24.2	1398
24.2	1457
24.2	4703
24.2	5039
24.3	201
24.3	465
24.3	4057
24.3	4089
24.3	4338
24.3	4807
24.3	6103
24.3	6652
24.3	6737
24.4	56
24.4	2005
24.4	3401
24.4	4809
24.4	5240
24.4	5615
24.4	6578
24.4	6815
24.4	7228
24.4	7272
24.5	179
24.5	2569
24.5	2927
24.5	3128
24.5	4622
24.5	4724
24.5	6325
24.5	6987
24.5	7140
24.5	7187
24.5	7233
24.5	7362
24.6	165
24.6	420
24.6	1277
24.6	2619
24.6	3132
24.6	5996
24.6	7346
24.6	7941
24.6	7985
24.7	60
24.7	621
24.7	1028
24.7	2319
24.7	4528
24.7	6038
24.7	6497
24.7	7980
24.8	752
24.8	1053
24.8	4340
24.8	4415
24.8	5729
24.8	5751
24.8	6435
24.9	1136
24.9	1165
24.9	1786
24.9	3201
24.9	3753
24.9	6788
25	301
25	1339
25	1865
25	5927
25	6477
25.1	1403
25.1	3750
25.1	6491
25.2	1186
25.2	6139
25.2	6292
25.2	7480
25.3	884
25.3	1023
25.3	2425
25.3	4706
25.3	5437
25.3	5521
25.3	6968
25.3	7293
25.4	1229
25.4	2169
25.4	2800
25.4	4407
25.4	6752
25.5	371
25.5	496
25.5	1066
25.5	4079
25.5	5808
25.5	7019
25.6	3823
25.6	5108
25.6	5668
25.6	6520
25.7	1412
25.7	1477
25.7	3462
25.7	4083
25.7	4601
25.7	4790
25.7	5691
25.7	6527
25.8	6368
25.9	2071
25.9	2098
25.9	5071
25.9	6424
25.9	6443
26	431
26	5324
26.1	253
26.1	6062
26.1	6252
26.2	1810
26.2	4931
26.3	3572
26.3	4768
26.3	5973
26.3	7397
26.4	5894
26.4	7321
26.5	3350
26.6	976
26.6	2022
26.6	6641
26.7	1508
26.7	5161
26.7	6594
26.8	3230
26.8	3666
26.8	4898
26.8	5350
26.8	7102
26.9	57
26.9	2329
26.9	2961
27	1355
27	5535
27	7476
27.1	1480
27.2	2534
27.2	4974
27.2	5607
27.3	3473
27.3	5083
27.4	490
27.4	2847
27.5	23
27.6	2647
27.6	4647
27.7	196
27.7	2760
27.7	5429
27.8	6870
27.8	7337
27.9	242
27.9	698
27.9	6379
28	781
28	2165
28	2663
28	2811
28	2942
28.1	4479
28.1	4625
28.2	1458
28.2	2819
28.2	3543
28.2	5662
28.3	5264
28.4	983
28.5	3177
28.5	7135
28.8	995
28.8	4509
28.8	7893
28.9	693
28.9	2612
28.9	5053
29.1	6006
29.5	530
29.9	991
29.9	7646
30	3441
30.1	3190
30.1	3391
30.1	4089
30.1	5862
30.2	2520
30.2	4256
30.5	1154
30.6	743
30.6	7665
30.8	4820
31	706
31.1	2927
31.3	2579
31.4	2169
31.6	1431
31.6	2800
31.8	1023
32.2	7691
32.5	2307
33	6658
33.2	5350
33.6	1165
33.7	7422
33.8	1684
34.6	2425
34.9	6139
36.1	1200
37.7	2647
38.8	5535
42.7	196
